u_loadid.loadid,u_loadid.load_id.prefix_id,u_loadid.load_id.interval_id,system_name,cpu_num,os_version.letter,os_version.number,object_uid,from_timestamp,to_timestamp,delta_time,template_version,format_version.letter,format_version.number,data_version.letter,data_version.number,subsystem_version,error,pin,process_name,program_file_name.volume,program_file_name.subvol,program_file_name.filename,ic_entries,lc_entries,rr_processed,rr_redir_sent,rr_redir_processed,ic_lookups,ic_hits,ic_dirty_qtime,lc_lookups,lc_hits,lc_inuse_qtime,checkpoint_reqs,checkpoint_blks,sem_waits,sem_wait_qtime,dp2_dd_reqs,dp2_messages,dp2_msg_qtime,ps_messages,ps_msg_qtime,ls_messages,ls_msg_qtime,gettime_reqs,settime_reqs
,,,\KRONOS,0,L,06,,2023-03-16T19:33:10.048053,2023-03-16T19:33:14.958578,4910525,5911013165957141,J,06,J,06,1,0,494,$ZPNS,$SYSTEM,SYS01,NS,64000,64000,3007841,0,0,45273220,45273193,354165658166,20731400,20730649,45332644417286,86024,64574,513,18422653,2258,2392,9159044,141,4617,0,0,30,30
,,,\KRONOS,0,L,06,,2023-03-16T19:33:14.958578,2023-03-16T19:33:19.940127,4981549,5911013165957141,J,06,J,06,1,0,494,$ZPNS,$SYSTEM,SYS01,NS,64000,64000,0,0,0,0,0,14944647,0,0,317867660141,0,0,0,0,0,0,0,0,0,0,0,0,0
,,,\KRONOS,0,L,06,,2023-03-16T19:33:19.940127,2023-03-16T19:33:24.945076,5004949,5911013165957141,J,06,J,06,1,0,494,$ZPNS,$SYSTEM,SYS01,NS,64000,64000,0,0,0,0,0,15014847,0,0,319360790741,0,0,0,0,0,0,0,0,0,0,0,0,0
,,,\KRONOS,0,L,06,,2023-03-16T19:33:24.945076,2023-03-16T19:33:29.957511,5012435,5911013165957141,J,06,J,06,1,0,494,$ZPNS,$SYSTEM,SYS01,NS,64000,64000,0,0,0,0,0,9838387,0,0,319838464915,1,1,0,0,0,0,0,0,0,0,0,0,0
,,,\KRONOS,0,L,06,,2023-03-16T19:33:29.957511,2023-03-16T19:33:34.933507,4975996,5911013165957141,J,06,J,06,1,0,494,$ZPNS,$SYSTEM,SYS01,NS,64000,64000,0,0,0,0,0,9951992,0,0,317513328764,0,0,0,0,0,0,0,0,0,0,0,0,0
,,,\KRONOS,0,L,06,,2023-03-16T19:33:34.933507,2023-03-16T19:33:39.944427,5010920,5911013165957141,J,06,J,06,1,0,494,$ZPNS,$SYSTEM,SYS01,NS,64000,64000,0,0,0,0,0,10021840,0,0,319741794280,0,0,0,0,0,0,0,0,0,0,0,0,0
,,,\KRONOS,0,L,06,,2023-03-16T19:33:39.944427,2023-03-16T19:33:44.934954,4990527,5911013165957141,J,06,J,06,1,0,494,$ZPNS,$SYSTEM,SYS01,NS,64000,64000,0,0,0,1,1,4805408,0,0,318440537343,1,1,0,0,0,0,0,0,0,0,0,0,0
,,,\KRONOS,0,L,06,,2023-03-16T19:33:44.934954,2023-03-16T19:33:49.948162,5013208,5911013165957141,J,06,J,06,1,0,494,$ZPNS,$SYSTEM,SYS01,NS,64000,64000,0,0,0,0,0,5013208,0,0,319887789272,0,0,0,0,0,0,0,0,0,0,0,0,0
,,,\KRONOS,0,L,06,,2023-03-16T19:33:49.948162,2023-03-16T19:33:54.942423,4994261,5911013165957141,J,06,J,06,1,0,494,$ZPNS,$SYSTEM,SYS01,NS,64000,64000,0,0,0,0,0,4994261,0,0,318678800149,0,0,0,0,0,0,0,0,0,0,0,0,0
,,,\KRONOS,0,L,06,,2023-03-16T19:33:54.942423,2023-03-16T19:33:59.948904,5006481,5911013165957141,J,06,J,06,1,0,494,$ZPNS,$SYSTEM,SYS01,NS,64000,64000,0,0,0,0,0,5006481,0,0,319458546129,0,0,0,0,0,0,0,0,0,0,0,0,0
,,,\KRONOS,0,L,06,,2023-03-16T19:33:59.948904,2023-03-16T19:34:04.935063,4986159,5911013165957141,J,06,J,06,1,0,494,$ZPNS,$SYSTEM,SYS01,NS,64000,64000,0,0,0,0,0,4986159,0,0,318161819631,0,0,0,0,0,0,0,0,0,0,0,0,0
,,,\KRONOS,0,L,06,,2023-03-16T19:34:04.935063,2023-03-16T19:34:09.954791,5019728,5911013165957141,J,06,J,06,1,0,494,$ZPNS,$SYSTEM,SYS01,NS,64000,64000,0,0,0,0,0,5019728,0,0,320303823952,0,0,0,0,0,0,0,0,0,0,0,0,0
,,,\KRONOS,0,L,06,,2023-03-16T19:34:09.954791,2023-03-16T19:34:14.947212,4992421,5911013165957141,J,06,J,06,1,0,494,$ZPNS,$SYSTEM,SYS01,NS,64000,64000,32,0,0,684,684,15366816,320,320,318561391734,12,8,0,0,0,0,0,0,0,0,0,0,0
,,,\KRONOS,0,L,06,,2023-03-16T19:34:14.947212,2023-03-16T19:34:19.933222,4986010,5911013165957141,J,06,J,06,1,0,494,$ZPNS,$SYSTEM,SYS01,NS,64000,64000,0,0,0,0,0,14958030,0,0,318152312090,0,0,0,0,0,0,0,0,0,0,0,0,0
,,,\KRONOS,0,L,06,,2023-03-16T19:34:19.933222,2023-03-16T19:34:24.939515,5006293,5911013165957141,J,06,J,06,1,0,494,$ZPNS,$SYSTEM,SYS01,NS,64000,64000,0,0,0,0,0,15018879,0,0,319446550037,0,0,0,0,0,0,0,0,0,0,0,0,0
,,,\KRONOS,0,L,06,,2023-03-16T19:34:24.939515,2023-03-16T19:34:29.935697,4996182,5911013165957141,J,06,J,06,1,0,494,$ZPNS,$SYSTEM,SYS01,NS,64000,64000,0,0,0,0,0,9813769,0,0,318801377238,1,1,0,0,0,0,0,0,0,0,0,0,0
,,,\KRONOS,0,L,06,,2023-03-16T19:34:29.935697,2023-03-16T19:34:34.975257,5039560,5911013165957141,J,06,J,06,1,0,494,$ZPNS,$SYSTEM,SYS01,NS,64000,64000,0,0,0,0,0,10079120,0,0,321569284040,0,0,0,0,0,0,0,0,0,0,0,0,0
,,,\KRONOS,0,L,06,,2023-03-16T19:34:34.975257,2023-03-16T19:34:39.937974,4962717,5911013165957141,J,06,J,06,1,0,494,$ZPNS,$SYSTEM,SYS01,NS,64000,64000,0,0,0,0,0,9925434,0,0,316666009053,0,0,0,0,0,0,0,0,0,0,0,0,0
,,,\KRONOS,0,L,06,,2023-03-16T19:34:39.937974,2023-03-16T19:34:44.945757,5007783,5911013165957141,J,06,J,06,1,0,494,$ZPNS,$SYSTEM,SYS01,NS,64000,64000,0,0,0,1,1,4831389,0,0,319541625447,1,1,0,0,0,0,0,0,0,0,0,0,0
,,,\KRONOS,0,L,06,,2023-03-16T19:34:44.945757,2023-03-16T19:34:49.949927,5004170,5911013165957141,J,06,J,06,1,0,494,$ZPNS,$SYSTEM,SYS01,NS,64000,64000,0,0,0,0,0,5004170,0,0,319311083530,0,0,0,0,0,0,0,0,0,0,0,0,0
,,,\KRONOS,0,L,06,,2023-03-16T19:34:49.949927,2023-03-16T19:34:54.942795,4992868,5911013165957141,J,06,J,06,1,0,494,$ZPNS,$SYSTEM,SYS01,NS,64000,64000,0,0,0,0,0,4992868,0,0,318589914212,0,0,0,0,0,0,0,0,0,0,0,0,0
,,,\KRONOS,0,L,06,,2023-03-16T19:34:54.942795,2023-03-16T19:34:59.943270,5000475,5911013165957141,J,06,J,06,1,0,494,$ZPNS,$SYSTEM,SYS01,NS,64000,64000,0,0,0,0,0,5000475,0,0,319075309275,0,0,0,0,0,0,0,0,0,0,0,0,0
,,,\KRONOS,0,L,06,,2023-03-16T19:34:59.943270,2023-03-16T19:35:04.940116,4996846,5911013165957141,J,06,J,06,1,0,494,$ZPNS,$SYSTEM,SYS01,NS,64000,64000,0,0,0,0,0,4996846,0,0,318843746414,0,0,0,0,0,0,0,0,0,0,0,0,0
,,,\KRONOS,0,L,06,,2023-03-16T19:35:04.940116,2023-03-16T19:35:09.933121,4993005,5911013165957141,J,06,J,06,1,0,494,$ZPNS,$SYSTEM,SYS01,NS,64000,64000,0,0,0,0,0,4993005,0,0,318598656045,0,0,0,0,0,0,0,0,0,0,0,0,0
,,,\KRONOS,0,L,06,,2023-03-16T19:35:09.933121,2023-03-16T19:35:14.936389,5003268,5911013165957141,J,06,J,06,1,0,494,$ZPNS,$SYSTEM,SYS01,NS,64000,64000,32,0,0,684,684,15351308,320,320,319253527955,12,8,0,0,0,0,0,0,0,0,0,0,0
,,,\KRONOS,0,L,06,,2023-03-16T19:35:14.936389,2023-03-16T19:35:19.946782,5010393,5911013165957141,J,06,J,06,1,0,494,$ZPNS,$SYSTEM,SYS01,NS,64000,64000,0,0,0,0,0,15031179,0,0,319708166937,0,0,0,0,0,0,0,0,0,0,0,0,0
,,,\KRONOS,0,L,06,,2023-03-16T19:35:19.946782,2023-03-16T19:35:24.958248,5011466,5911013165957141,J,06,J,06,1,0,494,$ZPNS,$SYSTEM,SYS01,NS,64000,64000,0,0,0,0,0,15034398,0,0,319776633994,0,0,0,0,0,0,0,0,0,0,0,0,0
,,,\KRONOS,0,L,06,,2023-03-16T19:35:24.958248,2023-03-16T19:35:29.947095,4988847,5911013165957141,J,06,J,06,1,0,494,$ZPNS,$SYSTEM,SYS01,NS,64000,64000,0,0,0,0,0,9782855,0,0,318333338223,1,1,0,0,0,0,0,0,0,0,0,0,0
,,,\KRONOS,0,L,06,,2023-03-16T19:35:29.947095,2023-03-16T19:35:34.934101,4987006,5911013165957141,J,06,J,06,1,0,494,$ZPNS,$SYSTEM,SYS01,NS,64000,64000,0,0,0,0,0,9974012,0,0,318215865854,0,0,0,0,0,0,0,0,0,0,0,0,0
,,,\KRONOS,0,L,06,,2023-03-16T19:35:34.934101,2023-03-16T19:35:39.937890,5003789,5911013165957141,J,06,J,06,1,0,494,$ZPNS,$SYSTEM,SYS01,NS,64000,64000,0,0,0,0,0,10007578,0,0,319286772301,0,0,0,0,0,0,0,0,0,0,0,0,0
,,,\KRONOS,0,L,06,,2023-03-16T19:35:39.937890,2023-03-16T19:35:44.934479,4996589,5911013165957141,J,06,J,06,1,0,494,$ZPNS,$SYSTEM,SYS01,NS,64000,64000,0,0,0,1,1,4823692,0,0,318827347501,1,1,0,0,0,0,0,0,0,0,0,0,0
,,,\KRONOS,0,L,06,,2023-03-16T19:35:44.934479,2023-03-16T19:35:49.938762,5004283,5911013165957141,J,06,J,06,1,0,494,$ZPNS,$SYSTEM,SYS01,NS,64000,64000,0,0,0,0,0,5004283,0,0,319318293947,0,0,0,0,0,0,0,0,0,0,0,0,0
,,,\KRONOS,0,L,06,,2023-03-16T19:35:49.938762,2023-03-16T19:35:54.955835,5017073,5911013165957141,J,06,J,06,1,0,494,$ZPNS,$SYSTEM,SYS01,NS,64000,64000,0,0,0,0,0,5017073,0,0,320134411057,0,0,0,0,0,0,0,0,0,0,0,0,0
,,,\KRONOS,0,L,06,,2023-03-16T19:35:54.955835,2023-03-16T19:35:59.944444,4988609,5911013165957141,J,06,J,06,1,0,494,$ZPNS,$SYSTEM,SYS01,NS,64000,64000,0,0,0,0,0,4988609,0,0,318318151681,0,0,0,0,0,0,0,0,0,0,0,0,0
,,,\KRONOS,0,L,06,,2023-03-16T19:35:59.944444,2023-03-16T19:36:04.944091,4999647,5911013165957141,J,06,J,06,1,0,494,$ZPNS,$SYSTEM,SYS01,NS,64000,64000,0,0,0,0,0,4999647,0,0,319022475423,0,0,0,0,0,0,0,0,0,0,0,0,0
,,,\KRONOS,0,L,06,,2023-03-16T19:36:04.944091,2023-03-16T19:36:09.942942,4998851,5911013165957141,J,06,J,06,1,0,494,$ZPNS,$SYSTEM,SYS01,NS,64000,64000,0,0,0,0,0,4998851,0,0,318971683459,0,0,0,0,0,0,0,0,0,0,0,0,0
,,,\KRONOS,0,L,06,,2023-03-16T19:36:09.942942,2023-03-16T19:36:14.940094,4997152,5911013165957141,J,06,J,06,1,0,494,$ZPNS,$SYSTEM,SYS01,NS,64000,64000,32,0,0,684,684,15347855,320,320,318863272112,12,8,0,0,0,0,0,0,0,0,0,0,0
,,,\KRONOS,0,L,06,,2023-03-16T19:36:14.940094,2023-03-16T19:36:19.933799,4993705,5911013165957141,J,06,J,06,1,0,494,$ZPNS,$SYSTEM,SYS01,NS,64000,64000,0,0,0,0,0,14981115,0,0,318643322345,0,0,0,0,0,0,0,0,0,0,0,0,0
,,,\KRONOS,0,L,06,,2023-03-16T19:36:19.933799,2023-03-16T19:36:24.937069,5003270,5911013165957141,J,06,J,06,1,0,494,$ZPNS,$SYSTEM,SYS01,NS,64000,64000,0,0,0,0,0,15009810,0,0,319253655430,0,0,0,0,0,0,0,0,0,0,0,0,0
,,,\KRONOS,0,L,06,,2023-03-16T19:36:24.937069,2023-03-16T19:36:29.941357,5004288,5911013165957141,J,06,J,06,1,0,494,$ZPNS,$SYSTEM,SYS01,NS,64000,64000,0,0,0,0,0,9837218,0,0,319318612992,1,1,0,0,0,0,0,0,0,0,0,0,0
,,,\KRONOS,0,L,06,,2023-03-16T19:36:29.941357,2023-03-16T19:36:34.934366,4993009,5911013165957141,J,06,J,06,1,0,494,$ZPNS,$SYSTEM,SYS01,NS,64000,64000,0,0,0,0,0,9986018,0,0,318598911281,0,0,0,0,0,0,0,0,0,0,0,0,0
,,,\KRONOS,0,L,06,,2023-03-16T19:36:34.934366,2023-03-16T19:36:39.939769,5005403,5911013165957141,J,06,J,06,1,0,494,$ZPNS,$SYSTEM,SYS01,NS,64000,64000,0,0,0,0,0,10010806,0,0,319389760027,0,0,0,0,0,0,0,0,0,0,0,0,0
,,,\KRONOS,0,L,06,,2023-03-16T19:36:39.939769,2023-03-16T19:36:44.939883,5000114,5911013165957141,J,06,J,06,1,0,494,$ZPNS,$SYSTEM,SYS01,NS,64000,64000,0,0,0,1,1,4827661,0,0,319052274226,1,1,0,0,0,0,0,0,0,0,0,0,0
,,,\KRONOS,0,L,06,,2023-03-16T19:36:44.939883,2023-03-16T19:36:49.936987,4997104,5911013165957141,J,06,J,06,1,0,494,$ZPNS,$SYSTEM,SYS01,NS,64000,64000,0,0,0,0,0,4997104,0,0,318860209136,0,0,0,0,0,0,0,0,0,0,0,0,0
,,,\KRONOS,0,L,06,,2023-03-16T19:36:49.936987,2023-03-16T19:36:54.941983,5004996,5911013165957141,J,06,J,06,1,0,494,$ZPNS,$SYSTEM,SYS01,NS,64000,64000,0,0,0,0,0,5004996,0,0,319363789764,0,0,0,0,0,0,0,0,0,0,0,0,0
,,,\KRONOS,0,L,06,,2023-03-16T19:36:54.941983,2023-03-16T19:36:59.936369,4994386,5911013165957141,J,06,J,06,1,0,494,$ZPNS,$SYSTEM,SYS01,NS,64000,64000,0,0,0,0,0,4994386,0,0,318686776274,0,0,0,0,0,0,0,0,0,0,0,0,0
,,,\KRONOS,0,L,06,,2023-03-16T19:36:59.936369,2023-03-16T19:37:04.972749,5036380,5911013165957141,J,06,J,06,1,0,494,$ZPNS,$SYSTEM,SYS01,NS,64000,64000,0,0,0,0,0,5036380,0,0,321366371420,0,0,0,0,0,0,0,0,0,0,0,0,0
,,,\KRONOS,0,L,06,,2023-03-16T19:37:04.972749,2023-03-16T19:37:09.939824,4967075,5911013165957141,J,06,J,06,1,0,494,$ZPNS,$SYSTEM,SYS01,NS,64000,64000,0,0,0,0,0,4967075,0,0,316944088675,0,0,0,0,0,0,0,0,0,0,0,0,0
,,,\KRONOS,0,L,06,,2023-03-16T19:37:09.939824,2023-03-16T19:37:14.934909,4995085,5911013165957141,J,06,J,06,1,0,494,$ZPNS,$SYSTEM,SYS01,NS,64000,64000,32,0,0,684,684,15328481,320,320,318731378978,12,8,0,0,0,0,0,0,0,0,0,0,0
,,,\KRONOS,0,L,06,,2023-03-16T19:37:14.934909,2023-03-16T19:37:19.938655,5003746,5911013165957141,J,06,J,06,1,0,494,$ZPNS,$SYSTEM,SYS01,NS,64000,64000,0,0,0,0,0,15011238,0,0,319284028514,0,0,0,0,0,0,0,0,0,0,0,0,0
,,,\KRONOS,0,L,06,,2023-03-16T19:37:19.938655,2023-03-16T19:37:24.945937,5007282,5911013165957141,J,06,J,06,1,0,494,$ZPNS,$SYSTEM,SYS01,NS,64000,64000,0,0,0,0,0,15021846,0,0,319509657138,0,0,0,0,0,0,0,0,0,0,0,0,0
,,,\KRONOS,0,L,06,,2023-03-16T19:37:24.945937,2023-03-16T19:37:29.944885,4998948,5911013165957141,J,06,J,06,1,0,494,$ZPNS,$SYSTEM,SYS01,NS,64000,64000,0,0,0,0,0,9821032,0,0,318977872932,1,1,0,0,0,0,0,0,0,0,0,0,0
,,,\KRONOS,0,L,06,,2023-03-16T19:37:29.944885,2023-03-16T19:37:34.944290,4999405,5911013165957141,J,06,J,06,1,0,494,$ZPNS,$SYSTEM,SYS01,NS,64000,64000,0,0,0,0,0,9998810,0,0,319007033645,0,0,0,0,0,0,0,0,0,0,0,0,0
,,,\KRONOS,0,L,06,,2023-03-16T19:37:34.944290,2023-03-16T19:37:39.944157,4999867,5911013165957141,J,06,J,06,1,0,494,$ZPNS,$SYSTEM,SYS01,NS,64000,64000,0,0,0,0,0,9999734,0,0,319036513403,0,0,0,0,0,0,0,0,0,0,0,0,0
,,,\KRONOS,0,L,06,,2023-03-16T19:37:39.944157,2023-03-16T19:37:44.943608,4999451,5911013165957141,J,06,J,06,1,0,494,$ZPNS,$SYSTEM,SYS01,NS,64000,64000,0,0,0,1,1,4825896,0,0,319009968859,1,1,0,0,0,0,0,0,0,0,0,0,0
,,,\KRONOS,0,L,06,,2023-03-16T19:37:44.943608,2023-03-16T19:37:49.940563,4996955,5911013165957141,J,06,J,06,1,0,494,$ZPNS,$SYSTEM,SYS01,NS,64000,64000,0,0,0,0,0,4996955,0,0,318850701595,0,0,0,0,0,0,0,0,0,0,0,0,0
,,,\KRONOS,0,L,06,,2023-03-16T19:37:49.940563,2023-03-16T19:37:54.934421,4993858,5911013165957141,J,06,J,06,1,0,494,$ZPNS,$SYSTEM,SYS01,NS,64000,64000,0,0,0,0,0,4993858,0,0,318653085122,0,0,0,0,0,0,0,0,0,0,0,0,0
,,,\KRONOS,0,L,06,,2023-03-16T19:37:54.934421,2023-03-16T19:37:59.941316,5006895,5911013165957141,J,06,J,06,1,0,494,$ZPNS,$SYSTEM,SYS01,NS,64000,64000,0,0,0,0,0,5006895,0,0,319484963055,0,0,0,0,0,0,0,0,0,0,0,0,0
,,,\KRONOS,0,L,06,,2023-03-16T19:37:59.941316,2023-03-16T19:38:04.934785,4993469,5911013165957141,J,06,J,06,1,0,494,$ZPNS,$SYSTEM,SYS01,NS,64000,64000,0,0,0,0,0,4993469,0,0,318628263421,0,0,0,0,0,0,0,0,0,0,0,0,0
,,,\KRONOS,0,L,06,,2023-03-16T19:38:04.934785,2023-03-16T19:38:09.941891,5007106,5911013165957141,J,06,J,06,1,0,494,$ZPNS,$SYSTEM,SYS01,NS,64000,64000,0,0,0,0,0,5007106,0,0,319498426754,0,0,0,0,0,0,0,0,0,0,0,0,0
,,,\KRONOS,1,L,06,,2023-03-16T19:33:10.047370,2023-03-16T19:33:14.938930,4891560,5911013165957141,J,06,J,06,1,0,487,$ZPNS,$SYSTEM,SYS01,NS,64000,64000,0,0,0,28976,21395,354132859212,0,0,0,0,0,0,4891560,0,0,0,0,0,0,0,0,0
,,,\KRONOS,1,L,06,,2023-03-16T19:33:14.938930,2023-03-16T19:33:19.944453,5005523,5911013165957141,J,06,J,06,1,0,487,$ZPNS,$SYSTEM,SYS01,NS,64000,64000,0,0,0,0,0,10011046,0,0,0,0,0,0,5005523,0,0,0,0,0,0,0,0,0
,,,\KRONOS,1,L,06,,2023-03-16T19:33:19.944453,2023-03-16T19:33:24.946939,5002486,5911013165957141,J,06,J,06,1,0,487,$ZPNS,$SYSTEM,SYS01,NS,64000,64000,0,0,0,0,0,10004972,0,0,0,0,0,0,5002486,0,0,0,0,0,0,0,0,0
,,,\KRONOS,1,L,06,,2023-03-16T19:33:24.946939,2023-03-16T19:33:29.958124,5011185,5911013165957141,J,06,J,06,1,0,487,$ZPNS,$SYSTEM,SYS01,NS,64000,64000,0,0,0,1,1,4822844,0,0,0,0,0,0,5011185,0,0,0,0,0,0,0,0,0
,,,\KRONOS,1,L,06,,2023-03-16T19:33:29.958124,2023-03-16T19:33:34.971184,5013060,5911013165957141,J,06,J,06,1,0,487,$ZPNS,$SYSTEM,SYS01,NS,64000,64000,0,0,0,0,0,5013060,0,0,0,0,0,0,5013060,0,0,0,0,0,0,0,0,0
,,,\KRONOS,1,L,06,,2023-03-16T19:33:34.971184,2023-03-16T19:33:39.945227,4974043,5911013165957141,J,06,J,06,1,0,487,$ZPNS,$SYSTEM,SYS01,NS,64000,64000,0,0,0,0,0,4974043,0,0,0,0,0,0,4974043,0,0,0,0,0,0,0,0,0
,,,\KRONOS,1,L,06,,2023-03-16T19:33:39.945227,2023-03-16T19:33:44.937700,4992473,5911013165957141,J,06,J,06,1,0,487,$ZPNS,$SYSTEM,SYS01,NS,64000,64000,0,0,0,1,1,-185882,0,0,0,0,0,0,4992473,0,0,0,0,0,0,0,0,0
,,,\KRONOS,1,L,06,,2023-03-16T19:33:44.937700,2023-03-16T19:33:49.951081,5013381,5911013165957141,J,06,J,06,1,0,487,$ZPNS,$SYSTEM,SYS01,NS,64000,64000,0,0,0,0,0,0,0,0,0,0,0,0,5013381,0,0,0,0,0,0,0,0,0
,,,\KRONOS,1,L,06,,2023-03-16T19:33:49.951081,2023-03-16T19:33:54.945225,4994144,5911013165957141,J,06,J,06,1,0,487,$ZPNS,$SYSTEM,SYS01,NS,64000,64000,0,0,0,0,0,0,0,0,0,0,0,0,4994144,0,0,0,0,0,0,0,0,0
,,,\KRONOS,1,L,06,,2023-03-16T19:33:54.945225,2023-03-16T19:33:59.936028,4990803,5911013165957141,J,06,J,06,1,0,487,$ZPNS,$SYSTEM,SYS01,NS,64000,64000,0,0,0,0,0,0,0,0,0,0,0,0,4990803,0,0,0,0,0,0,0,0,0
,,,\KRONOS,1,L,06,,2023-03-16T19:33:59.936028,2023-03-16T19:34:04.939581,5003553,5911013165957141,J,06,J,06,1,0,487,$ZPNS,$SYSTEM,SYS01,NS,64000,64000,0,0,0,0,0,0,0,0,0,0,0,0,5003553,0,0,0,0,0,0,0,0,0
,,,\KRONOS,1,L,06,,2023-03-16T19:34:04.939581,2023-03-16T19:34:09.937363,4997782,5911013165957141,J,06,J,06,1,0,487,$ZPNS,$SYSTEM,SYS01,NS,64000,64000,0,0,0,0,0,0,0,0,0,0,0,0,4997782,0,0,0,0,0,0,0,0,0
,,,\KRONOS,1,L,06,,2023-03-16T19:34:09.937363,2023-03-16T19:34:14.947835,5010472,5911013165957141,J,06,J,06,1,0,487,$ZPNS,$SYSTEM,SYS01,NS,64000,64000,0,0,0,4,2,10375595,0,0,0,0,0,0,5010472,0,0,0,0,0,0,0,0,0
,,,\KRONOS,1,L,06,,2023-03-16T19:34:14.947835,2023-03-16T19:34:19.959211,5011376,5911013165957141,J,06,J,06,1,0,487,$ZPNS,$SYSTEM,SYS01,NS,64000,64000,0,0,0,0,0,10022752,0,0,0,0,0,0,5011376,0,0,0,0,0,0,0,0,0
,,,\KRONOS,1,L,06,,2023-03-16T19:34:19.959211,2023-03-16T19:34:24.943365,4984154,5911013165957141,J,06,J,06,1,0,487,$ZPNS,$SYSTEM,SYS01,NS,64000,64000,0,0,0,0,0,9968308,0,0,0,0,0,0,4984154,0,0,0,0,0,0,0,0,0
,,,\KRONOS,1,L,06,,2023-03-16T19:34:24.943365,2023-03-16T19:34:29.937095,4993730,5911013165957141,J,06,J,06,1,0,487,$ZPNS,$SYSTEM,SYS01,NS,64000,64000,0,0,0,1,1,4811286,0,0,0,0,0,0,4993730,0,0,0,0,0,0,0,0,0
,,,\KRONOS,1,L,06,,2023-03-16T19:34:29.937095,2023-03-16T19:34:34.982216,5045121,5911013165957141,J,06,J,06,1,0,487,$ZPNS,$SYSTEM,SYS01,NS,64000,64000,0,0,0,0,0,5045121,0,0,0,0,0,0,5045121,0,0,0,0,0,0,0,0,0
,,,\KRONOS,1,L,06,,2023-03-16T19:34:34.982216,2023-03-16T19:34:39.935292,4953076,5911013165957141,J,06,J,06,1,0,487,$ZPNS,$SYSTEM,SYS01,NS,64000,64000,0,0,0,0,0,4953076,0,0,0,0,0,0,4953076,0,0,0,0,0,0,0,0,0
,,,\KRONOS,1,L,06,,2023-03-16T19:34:39.935292,2023-03-16T19:34:44.946403,5011111,5911013165957141,J,06,J,06,1,0,487,$ZPNS,$SYSTEM,SYS01,NS,64000,64000,0,0,0,1,1,-173681,0,0,0,0,0,0,5011111,0,0,0,0,0,0,0,0,0
,,,\KRONOS,1,L,06,,2023-03-16T19:34:44.946403,2023-03-16T19:34:49.942369,4995966,5911013165957141,J,06,J,06,1,0,487,$ZPNS,$SYSTEM,SYS01,NS,64000,64000,0,0,0,0,0,0,0,0,0,0,0,0,4995966,0,0,0,0,0,0,0,0,0
,,,\KRONOS,1,L,06,,2023-03-16T19:34:49.942369,2023-03-16T19:34:54.945782,5003413,5911013165957141,J,06,J,06,1,0,487,$ZPNS,$SYSTEM,SYS01,NS,64000,64000,0,0,0,0,0,0,0,0,0,0,0,0,5003413,0,0,0,0,0,0,0,0,0
,,,\KRONOS,1,L,06,,2023-03-16T19:34:54.945782,2023-03-16T19:34:59.945460,4999678,5911013165957141,J,06,J,06,1,0,487,$ZPNS,$SYSTEM,SYS01,NS,64000,64000,0,0,0,0,0,0,0,0,0,0,0,0,4999678,0,0,0,0,0,0,0,0,0
,,,\KRONOS,1,L,06,,2023-03-16T19:34:59.945460,2023-03-16T19:35:04.934963,4989503,5911013165957141,J,06,J,06,1,0,487,$ZPNS,$SYSTEM,SYS01,NS,64000,64000,0,0,0,0,0,0,0,0,0,0,0,0,4989503,0,0,0,0,0,0,0,0,0
,,,\KRONOS,1,L,06,,2023-03-16T19:35:04.934963,2023-03-16T19:35:09.950236,5015273,5911013165957141,J,06,J,06,1,0,487,$ZPNS,$SYSTEM,SYS01,NS,64000,64000,0,0,0,0,0,0,0,0,0,0,0,0,5015273,0,0,0,0,0,0,0,0,0
,,,\KRONOS,1,L,06,,2023-03-16T19:35:09.950236,2023-03-16T19:35:14.943417,4993181,5911013165957141,J,06,J,06,1,0,487,$ZPNS,$SYSTEM,SYS01,NS,64000,64000,0,0,0,4,2,10362048,0,0,0,0,0,0,4993181,0,0,0,0,0,0,0,0,0
,,,\KRONOS,1,L,06,,2023-03-16T19:35:14.943417,2023-03-16T19:35:19.948096,5004679,5911013165957141,J,06,J,06,1,0,487,$ZPNS,$SYSTEM,SYS01,NS,64000,64000,0,0,0,0,0,10009358,0,0,0,0,0,0,5004679,0,0,0,0,0,0,0,0,0
,,,\KRONOS,1,L,06,,2023-03-16T19:35:19.948096,2023-03-16T19:35:24.965901,5017805,5911013165957141,J,06,J,06,1,0,487,$ZPNS,$SYSTEM,SYS01,NS,64000,64000,0,0,0,0,0,10035610,0,0,0,0,0,0,5017805,0,0,0,0,0,0,0,0,0
,,,\KRONOS,1,L,06,,2023-03-16T19:35:24.965901,2023-03-16T19:35:29.944654,4978753,5911013165957141,J,06,J,06,1,0,487,$ZPNS,$SYSTEM,SYS01,NS,64000,64000,0,0,0,1,1,4776268,0,0,0,0,0,0,4978753,0,0,0,0,0,0,0,0,0
,,,\KRONOS,1,L,06,,2023-03-16T19:35:29.944654,2023-03-16T19:35:34.942077,4997423,5911013165957141,J,06,J,06,1,0,487,$ZPNS,$SYSTEM,SYS01,NS,64000,64000,0,0,0,0,0,4997423,0,0,0,0,0,0,4997423,0,0,0,0,0,0,0,0,0
,,,\KRONOS,1,L,06,,2023-03-16T19:35:34.942077,2023-03-16T19:35:39.938533,4996456,5911013165957141,J,06,J,06,1,0,487,$ZPNS,$SYSTEM,SYS01,NS,64000,64000,0,0,0,0,0,4996456,0,0,0,0,0,0,4996456,0,0,0,0,0,0,0,0,0
,,,\KRONOS,1,L,06,,2023-03-16T19:35:39.938533,2023-03-16T19:35:44.943360,5004827,5911013165957141,J,06,J,06,1,0,487,$ZPNS,$SYSTEM,SYS01,NS,64000,64000,0,0,0,1,1,-173537,0,0,0,0,0,0,5004827,0,0,0,0,0,0,0,0,0
,,,\KRONOS,1,L,06,,2023-03-16T19:35:44.943360,2023-03-16T19:35:49.945691,5002331,5911013165957141,J,06,J,06,1,0,487,$ZPNS,$SYSTEM,SYS01,NS,64000,64000,0,0,0,0,0,0,0,0,0,0,0,0,5002331,0,0,0,0,0,0,0,0,0
,,,\KRONOS,1,L,06,,2023-03-16T19:35:49.945691,2023-03-16T19:35:54.956926,5011235,5911013165957141,J,06,J,06,1,0,487,$ZPNS,$SYSTEM,SYS01,NS,64000,64000,0,0,0,0,0,0,0,0,0,0,0,0,5011235,0,0,0,0,0,0,0,0,0
,,,\KRONOS,1,L,06,,2023-03-16T19:35:54.956926,2023-03-16T19:35:59.937572,4980646,5911013165957141,J,06,J,06,1,0,487,$ZPNS,$SYSTEM,SYS01,NS,64000,64000,0,0,0,0,0,0,0,0,0,0,0,0,4980646,0,0,0,0,0,0,0,0,0
,,,\KRONOS,1,L,06,,2023-03-16T19:35:59.937572,2023-03-16T19:36:04.945900,5008328,5911013165957141,J,06,J,06,1,0,487,$ZPNS,$SYSTEM,SYS01,NS,64000,64000,0,0,0,0,0,0,0,0,0,0,0,0,5008328,0,0,0,0,0,0,0,0,0
,,,\KRONOS,1,L,06,,2023-03-16T19:36:04.945900,2023-03-16T19:36:09.944194,4998294,5911013165957141,J,06,J,06,1,0,487,$ZPNS,$SYSTEM,SYS01,NS,64000,64000,0,0,0,0,0,0,0,0,0,0,0,0,4998294,0,0,0,0,0,0,0,0,0
,,,\KRONOS,1,L,06,,2023-03-16T19:36:09.944194,2023-03-16T19:36:14.937011,4992817,5911013165957141,J,06,J,06,1,0,487,$ZPNS,$SYSTEM,SYS01,NS,64000,64000,0,0,0,4,2,10344445,0,0,0,0,0,0,4992817,0,0,0,0,0,0,0,0,0
,,,\KRONOS,1,L,06,,2023-03-16T19:36:14.937011,2023-03-16T19:36:19.943179,5006168,5911013165957141,J,06,J,06,1,0,487,$ZPNS,$SYSTEM,SYS01,NS,64000,64000,0,0,0,0,0,10012336,0,0,0,0,0,0,5006168,0,0,0,0,0,0,0,0,0
,,,\KRONOS,1,L,06,,2023-03-16T19:36:19.943179,2023-03-16T19:36:24.943455,5000276,5911013165957141,J,06,J,06,1,0,487,$ZPNS,$SYSTEM,SYS01,NS,64000,64000,0,0,0,0,0,10000552,0,0,0,0,0,0,5000276,0,0,0,0,0,0,0,0,0
,,,\KRONOS,1,L,06,,2023-03-16T19:36:24.943455,2023-03-16T19:36:29.937394,4993939,5911013165957141,J,06,J,06,1,0,487,$ZPNS,$SYSTEM,SYS01,NS,64000,64000,0,0,0,1,1,4816201,0,0,0,0,0,0,4993939,0,0,0,0,0,0,0,0,0
,,,\KRONOS,1,L,06,,2023-03-16T19:36:29.937394,2023-03-16T19:36:34.948154,5010760,5911013165957141,J,06,J,06,1,0,487,$ZPNS,$SYSTEM,SYS01,NS,64000,64000,0,0,0,0,0,5010760,0,0,0,0,0,0,5010760,0,0,0,0,0,0,0,0,0
,,,\KRONOS,1,L,06,,2023-03-16T19:36:34.948154,2023-03-16T19:36:39.940816,4992662,5911013165957141,J,06,J,06,1,0,487,$ZPNS,$SYSTEM,SYS01,NS,64000,64000,0,0,0,0,0,4992662,0,0,0,0,0,0,4992662,0,0,0,0,0,0,0,0,0
,,,\KRONOS,1,L,06,,2023-03-16T19:36:39.940816,2023-03-16T19:36:44.941028,5000212,5911013165957141,J,06,J,06,1,0,487,$ZPNS,$SYSTEM,SYS01,NS,64000,64000,0,0,0,1,1,-173501,0,0,0,0,0,0,5000212,0,0,0,0,0,0,0,0,0
,,,\KRONOS,1,L,06,,2023-03-16T19:36:44.941028,2023-03-16T19:36:49.953287,5012259,5911013165957141,J,06,J,06,1,0,487,$ZPNS,$SYSTEM,SYS01,NS,64000,64000,0,0,0,0,0,0,0,0,0,0,0,0,5012259,0,0,0,0,0,0,0,0,0
,,,\KRONOS,1,L,06,,2023-03-16T19:36:49.953287,2023-03-16T19:36:54.939218,4985931,5911013165957141,J,06,J,06,1,0,487,$ZPNS,$SYSTEM,SYS01,NS,64000,64000,0,0,0,0,0,0,0,0,0,0,0,0,4985931,0,0,0,0,0,0,0,0,0
,,,\KRONOS,1,L,06,,2023-03-16T19:36:54.939218,2023-03-16T19:36:59.951695,5012477,5911013165957141,J,06,J,06,1,0,487,$ZPNS,$SYSTEM,SYS01,NS,64000,64000,0,0,0,0,0,0,0,0,0,0,0,0,5012477,0,0,0,0,0,0,0,0,0
,,,\KRONOS,1,L,06,,2023-03-16T19:36:59.951695,2023-03-16T19:37:04.974301,5022606,5911013165957141,J,06,J,06,1,0,487,$ZPNS,$SYSTEM,SYS01,NS,64000,64000,0,0,0,0,0,0,0,0,0,0,0,0,5022606,0,0,0,0,0,0,0,0,0
,,,\KRONOS,1,L,06,,2023-03-16T19:37:04.974301,2023-03-16T19:37:09.962641,4988340,5911013165957141,J,06,J,06,1,0,487,$ZPNS,$SYSTEM,SYS01,NS,64000,64000,0,0,0,0,0,0,0,0,0,0,0,0,4988340,0,0,0,0,0,0,0,0,0
,,,\KRONOS,1,L,06,,2023-03-16T19:37:09.962641,2023-03-16T19:37:14.991158,5028517,5911013165957141,J,06,J,06,1,0,487,$ZPNS,$SYSTEM,SYS01,NS,64000,64000,0,0,0,4,2,10445801,0,0,0,0,0,0,5028517,0,0,0,0,0,0,0,0,0
,,,\KRONOS,1,L,06,,2023-03-16T19:37:14.991158,2023-03-16T19:37:19.954402,4963244,5911013165957141,J,06,J,06,1,0,487,$ZPNS,$SYSTEM,SYS01,NS,64000,64000,0,0,0,0,0,9926488,0,0,0,0,0,0,4963244,0,0,0,0,0,0,0,0,0
,,,\KRONOS,1,L,06,,2023-03-16T19:37:19.954402,2023-03-16T19:37:24.944822,4990420,5911013165957141,J,06,J,06,1,0,487,$ZPNS,$SYSTEM,SYS01,NS,64000,64000,0,0,0,0,0,9980840,0,0,0,0,0,0,4990420,0,0,0,0,0,0,0,0,0
,,,\KRONOS,1,L,06,,2023-03-16T19:37:24.944822,2023-03-16T19:37:29.945685,5000863,5911013165957141,J,06,J,06,1,0,487,$ZPNS,$SYSTEM,SYS01,NS,64000,64000,0,0,0,1,1,4825115,0,0,0,0,0,0,5000863,0,0,0,0,0,0,0,0,0
,,,\KRONOS,1,L,06,,2023-03-16T19:37:29.945685,2023-03-16T19:37:34.947271,5001586,5911013165957141,J,06,J,06,1,0,487,$ZPNS,$SYSTEM,SYS01,NS,64000,64000,0,0,0,0,0,5001586,0,0,0,0,0,0,5001586,0,0,0,0,0,0,0,0,0
,,,\KRONOS,1,L,06,,2023-03-16T19:37:34.947271,2023-03-16T19:37:39.945963,4998692,5911013165957141,J,06,J,06,1,0,487,$ZPNS,$SYSTEM,SYS01,NS,64000,64000,0,0,0,0,0,4998692,0,0,0,0,0,0,4998692,0,0,0,0,0,0,0,0,0
,,,\KRONOS,1,L,06,,2023-03-16T19:37:39.945963,2023-03-16T19:37:44.944301,4998338,5911013165957141,J,06,J,06,1,0,487,$ZPNS,$SYSTEM,SYS01,NS,64000,64000,0,0,0,1,1,-175361,0,0,0,0,0,0,4998338,0,0,0,0,0,0,0,0,0
,,,\KRONOS,1,L,06,,2023-03-16T19:37:44.944301,2023-03-16T19:37:49.937806,4993505,5911013165957141,J,06,J,06,1,0,487,$ZPNS,$SYSTEM,SYS01,NS,64000,64000,0,0,0,0,0,0,0,0,0,0,0,0,4993505,0,0,0,0,0,0,0,0,0
,,,\KRONOS,1,L,06,,2023-03-16T19:37:49.937806,2023-03-16T19:37:54.941015,5003209,5911013165957141,J,06,J,06,1,0,487,$ZPNS,$SYSTEM,SYS01,NS,64000,64000,0,0,0,0,0,0,0,0,0,0,0,0,5003209,0,0,0,0,0,0,0,0,0
,,,\KRONOS,1,L,06,,2023-03-16T19:37:54.941015,2023-03-16T19:37:59.936073,4995058,5911013165957141,J,06,J,06,1,0,487,$ZPNS,$SYSTEM,SYS01,NS,64000,64000,0,0,0,0,0,0,0,0,0,0,0,0,4995058,0,0,0,0,0,0,0,0,0
,,,\KRONOS,1,L,06,,2023-03-16T19:37:59.936073,2023-03-16T19:38:04.955800,5019727,5911013165957141,J,06,J,06,1,0,487,$ZPNS,$SYSTEM,SYS01,NS,64000,64000,0,0,0,0,0,0,0,0,0,0,0,0,5019727,0,0,0,0,0,0,0,0,0
,,,\KRONOS,1,L,06,,2023-03-16T19:38:04.955800,2023-03-16T19:38:09.966934,5011134,5911013165957141,J,06,J,06,1,0,487,$ZPNS,$SYSTEM,SYS01,NS,64000,64000,0,0,0,0,0,0,0,0,0,0,0,0,5011134,0,0,0,0,0,0,0,0,0
