u_loadid.loadid,u_loadid.load_id.prefix_id,u_loadid.load_id.interval_id,system_name,cpu_num,os_version.letter,os_version.number,object_uid,from_timestamp,to_timestamp,delta_time,template_version,format_version.letter,format_version.number,data_version.letter,data_version.number,subsystem_version,error,home_trans,home_trans_qtime,home_net_trans,home_net_trans_qtime,remote_trans,remote_trans_qtime,aborting_trans,trans_backout_qtime,tmp_work,tmp_work_qtime,pio_sends,pio_send_qtime,pio_send_bytes,pio_recvs,pio_recv_bytes
,,,\KRONOS,0,L,06,,2023-03-16T19:33:10.047144,2023-03-16T19:33:14.961187,4914043,3940688328654863,J,06,J,06,2,0,0,0,0,0,0,0,0,0,0,4914037,0,0,0,0,0
,,,\KRONOS,0,L,06,,2023-03-16T19:33:14.961187,2023-03-16T19:33:19.940360,4979173,3940688328654863,J,06,J,06,2,0,0,0,0,0,0,0,0,0,1,4979175,12,370,4800,7,204
,,,\KRONOS,0,L,06,,2023-03-16T19:33:19.940360,2023-03-16T19:33:24.945299,5004939,3940688328654863,J,06,J,06,2,0,0,0,0,0,0,0,0,0,1,5004936,0,0,0,1,62
,,,\KRONOS,0,L,06,,2023-03-16T19:33:24.945299,2023-03-16T19:33:29.957730,5012431,3940688328654863,J,06,J,06,2,0,0,0,0,0,0,0,0,0,1,5012433,6,188,96,7,204
,,,\KRONOS,0,L,06,,2023-03-16T19:33:29.957730,2023-03-16T19:33:34.933736,4976006,3940688328654863,J,06,J,06,2,0,0,0,0,0,0,0,0,0,0,4976031,0,0,0,0,0
,,,\KRONOS,0,L,06,,2023-03-16T19:33:34.933736,2023-03-16T19:33:39.944646,5010910,3940688328654863,J,06,J,06,2,0,0,0,0,0,0,0,0,0,1,5010913,6,183,96,7,204
,,,\KRONOS,0,L,06,,2023-03-16T19:33:39.944646,2023-03-16T19:33:44.935182,4990536,3940688328654863,J,06,J,06,2,0,0,0,0,0,0,0,0,0,0,4990505,0,0,0,0,0
,,,\KRONOS,0,L,06,,2023-03-16T19:33:44.935182,2023-03-16T19:33:49.948381,5013199,3940688328654863,J,06,J,06,2,0,0,0,0,0,0,0,0,0,1,5013197,12,340,4800,7,204
,,,\KRONOS,0,L,06,,2023-03-16T19:33:49.948381,2023-03-16T19:33:54.942662,4994281,3940688328654863,J,06,J,06,2,0,0,0,0,0,0,0,0,0,0,4994281,0,0,0,0,0
,,,\KRONOS,0,L,06,,2023-03-16T19:33:54.942662,2023-03-16T19:33:59.949124,5006462,3940688328654863,J,06,J,06,2,0,0,0,0,0,0,0,0,0,1,5006461,6,222,96,7,204
,,,\KRONOS,0,L,06,,2023-03-16T19:33:59.949124,2023-03-16T19:34:04.935282,4986158,3940688328654863,J,06,J,06,2,0,0,0,0,0,0,0,0,0,1,4986158,0,0,0,1,62
,,,\KRONOS,0,L,06,,2023-03-16T19:34:04.935282,2023-03-16T19:34:09.955010,5019728,3940688328654863,J,06,J,06,2,0,0,0,0,0,0,0,0,0,1,5019726,6,179,96,7,204
,,,\KRONOS,0,L,06,,2023-03-16T19:34:09.955010,2023-03-16T19:34:14.947431,4992421,3940688328654863,J,06,J,06,2,0,0,0,0,0,0,0,0,0,1,4992428,0,0,0,1,62
,,,\KRONOS,0,L,06,,2023-03-16T19:34:14.947431,2023-03-16T19:34:19.933449,4986018,3940688328654863,J,06,J,06,2,0,0,0,0,0,0,0,0,0,1,4986018,12,355,4800,7,204
,,,\KRONOS,0,L,06,,2023-03-16T19:34:19.933449,2023-03-16T19:34:24.939734,5006285,3940688328654863,J,06,J,06,2,0,0,0,0,0,0,0,0,0,0,5006278,0,0,0,0,0
,,,\KRONOS,0,L,06,,2023-03-16T19:34:24.939734,2023-03-16T19:34:29.935917,4996183,3940688328654863,J,06,J,06,2,0,0,0,0,0,0,0,0,0,1,4996181,6,183,96,7,204
,,,\KRONOS,0,L,06,,2023-03-16T19:34:29.935917,2023-03-16T19:34:34.975477,5039560,3940688328654863,J,06,J,06,2,0,0,0,0,0,0,0,0,0,2,5039579,0,0,0,1,62
,,,\KRONOS,0,L,06,,2023-03-16T19:34:34.975477,2023-03-16T19:34:39.938195,4962718,3940688328654863,J,06,J,06,2,0,0,0,0,0,0,0,0,0,1,4962716,6,181,96,7,204
,,,\KRONOS,0,L,06,,2023-03-16T19:34:39.938195,2023-03-16T19:34:44.945976,5007781,3940688328654863,J,06,J,06,2,0,0,0,0,0,0,0,0,0,0,5007768,0,0,0,0,0
,,,\KRONOS,0,L,06,,2023-03-16T19:34:44.945976,2023-03-16T19:34:49.950146,5004170,3940688328654863,J,06,J,06,2,0,0,0,0,0,0,0,0,0,1,5004168,12,409,4800,7,204
,,,\KRONOS,0,L,06,,2023-03-16T19:34:49.950146,2023-03-16T19:34:54.943014,4992868,3940688328654863,J,06,J,06,2,0,0,0,0,0,0,0,0,0,0,4992870,0,0,0,0,0
,,,\KRONOS,0,L,06,,2023-03-16T19:34:54.943014,2023-03-16T19:34:59.943490,5000476,3940688328654863,J,06,J,06,2,0,0,0,0,0,0,0,0,0,2,5000477,6,183,96,7,204
,,,\KRONOS,0,L,06,,2023-03-16T19:34:59.943490,2023-03-16T19:35:04.940347,4996857,3940688328654863,J,06,J,06,2,0,0,0,0,0,0,0,0,0,1,4996855,0,0,0,0,0
,,,\KRONOS,0,L,06,,2023-03-16T19:35:04.940347,2023-03-16T19:35:09.933352,4993005,3940688328654863,J,06,J,06,2,0,0,0,0,0,0,0,0,0,1,4993006,6,208,96,7,204
,,,\KRONOS,0,L,06,,2023-03-16T19:35:09.933352,2023-03-16T19:35:14.936615,5003263,3940688328654863,J,06,J,06,2,0,0,0,0,0,0,0,0,0,1,5003268,0,0,0,0,0
,,,\KRONOS,0,L,06,,2023-03-16T19:35:14.936615,2023-03-16T19:35:19.947013,5010398,3940688328654863,J,06,J,06,2,0,0,0,0,0,0,0,0,0,2,5010402,12,352,4800,8,266
,,,\KRONOS,0,L,06,,2023-03-16T19:35:19.947013,2023-03-16T19:35:24.958467,5011454,3940688328654863,J,06,J,06,2,0,0,0,0,0,0,0,0,0,0,5011450,0,0,0,0,0
,,,\KRONOS,0,L,06,,2023-03-16T19:35:24.958467,2023-03-16T19:35:29.947314,4988847,3940688328654863,J,06,J,06,2,0,0,0,0,0,0,0,0,0,1,4988846,6,183,96,7,204
,,,\KRONOS,0,L,06,,2023-03-16T19:35:29.947314,2023-03-16T19:35:34.934320,4987006,3940688328654863,J,06,J,06,2,0,0,0,0,0,0,0,0,0,0,4987005,0,0,0,0,0
,,,\KRONOS,0,L,06,,2023-03-16T19:35:34.934320,2023-03-16T19:35:39.938110,5003790,3940688328654863,J,06,J,06,2,0,0,0,0,0,0,0,0,0,1,5003789,6,187,96,7,204
,,,\KRONOS,0,L,06,,2023-03-16T19:35:39.938110,2023-03-16T19:35:44.934707,4996597,3940688328654863,J,06,J,06,2,0,0,0,0,0,0,0,0,0,0,4996595,0,0,0,0,0
,,,\KRONOS,0,L,06,,2023-03-16T19:35:44.934707,2023-03-16T19:35:49.938981,5004274,3940688328654863,J,06,J,06,2,0,0,0,0,0,0,0,0,0,1,5004274,12,353,4800,7,204
,,,\KRONOS,0,L,06,,2023-03-16T19:35:49.938981,2023-03-16T19:35:54.956055,5017074,3940688328654863,J,06,J,06,2,0,0,0,0,0,0,0,0,0,0,5017071,0,0,0,0,0
,,,\KRONOS,0,L,06,,2023-03-16T19:35:54.956055,2023-03-16T19:35:59.944685,4988630,3940688328654863,J,06,J,06,2,0,0,0,0,0,0,0,0,0,1,4988635,6,186,96,7,204
,,,\KRONOS,0,L,06,,2023-03-16T19:35:59.944685,2023-03-16T19:36:04.944310,4999625,3940688328654863,J,06,J,06,2,0,0,0,0,0,0,0,0,0,0,4999643,0,0,0,0,0
,,,\KRONOS,0,L,06,,2023-03-16T19:36:04.944310,2023-03-16T19:36:09.943162,4998852,3940688328654863,J,06,J,06,2,0,0,0,0,0,0,0,0,0,1,4998848,6,189,96,7,204
,,,\KRONOS,0,L,06,,2023-03-16T19:36:09.943162,2023-03-16T19:36:14.940324,4997162,3940688328654863,J,06,J,06,2,0,0,0,0,0,0,0,0,0,1,4997148,0,0,0,1,62
,,,\KRONOS,0,L,06,,2023-03-16T19:36:14.940324,2023-03-16T19:36:19.934030,4993706,3940688328654863,J,06,J,06,2,0,0,0,0,0,0,0,0,0,1,4993702,12,362,4800,7,204
,,,\KRONOS,0,L,06,,2023-03-16T19:36:19.934030,2023-03-16T19:36:24.937298,5003268,3940688328654863,J,06,J,06,2,0,0,0,0,0,0,0,0,0,0,5003271,0,0,0,0,0
,,,\KRONOS,0,L,06,,2023-03-16T19:36:24.937298,2023-03-16T19:36:29.941604,5004306,3940688328654863,J,06,J,06,2,0,0,0,0,0,0,0,0,0,1,5004302,6,180,96,7,204
,,,\KRONOS,0,L,06,,2023-03-16T19:36:29.941604,2023-03-16T19:36:34.934593,4992989,3940688328654863,J,06,J,06,2,0,0,0,0,0,0,0,0,0,0,4992987,0,0,0,0,0
,,,\KRONOS,0,L,06,,2023-03-16T19:36:34.934593,2023-03-16T19:36:39.939988,5005395,3940688328654863,J,06,J,06,2,0,0,0,0,0,0,0,0,0,1,5005393,6,188,96,7,204
,,,\KRONOS,0,L,06,,2023-03-16T19:36:39.939988,2023-03-16T19:36:44.940102,5000114,3940688328654863,J,06,J,06,2,0,0,0,0,0,0,0,0,0,0,5000127,0,0,0,0,0
,,,\KRONOS,0,L,06,,2023-03-16T19:36:44.940102,2023-03-16T19:36:49.937220,4997118,3940688328654863,J,06,J,06,2,0,0,0,0,0,0,0,0,0,1,4997116,12,330,4800,7,204
,,,\KRONOS,0,L,06,,2023-03-16T19:36:49.937220,2023-03-16T19:36:54.942206,5004986,3940688328654863,J,06,J,06,2,0,0,0,0,0,0,0,0,0,0,5004977,0,0,0,0,0
,,,\KRONOS,0,L,06,,2023-03-16T19:36:54.942206,2023-03-16T19:36:59.936599,4994393,3940688328654863,J,06,J,06,2,0,0,0,0,0,0,0,0,0,1,4994387,6,189,96,7,204
,,,\KRONOS,0,L,06,,2023-03-16T19:36:59.936599,2023-03-16T19:37:04.972968,5036369,3940688328654863,J,06,J,06,2,0,0,0,0,0,0,0,0,0,0,5036380,0,0,0,0,0
,,,\KRONOS,0,L,06,,2023-03-16T19:37:04.972968,2023-03-16T19:37:09.940054,4967086,3940688328654863,J,06,J,06,2,0,0,0,0,0,0,0,0,0,1,4967088,6,184,96,7,204
,,,\KRONOS,0,L,06,,2023-03-16T19:37:09.940054,2023-03-16T19:37:14.935136,4995082,3940688328654863,J,06,J,06,2,0,0,0,0,0,0,0,0,0,0,4995067,0,0,0,0,0
,,,\KRONOS,0,L,06,,2023-03-16T19:37:14.935136,2023-03-16T19:37:19.938882,5003746,3940688328654863,J,06,J,06,2,0,0,0,0,0,0,0,0,0,1,5003747,12,401,4800,7,204
,,,\KRONOS,0,L,06,,2023-03-16T19:37:19.938882,2023-03-16T19:37:24.946168,5007286,3940688328654863,J,06,J,06,2,0,0,0,0,0,0,0,0,0,0,5007284,0,0,0,0,0
,,,\KRONOS,0,L,06,,2023-03-16T19:37:24.946168,2023-03-16T19:37:29.945115,4998947,3940688328654863,J,06,J,06,2,0,0,0,0,0,0,0,0,0,1,4998944,6,191,96,7,204
,,,\KRONOS,0,L,06,,2023-03-16T19:37:29.945115,2023-03-16T19:37:34.944509,4999394,3940688328654863,J,06,J,06,2,0,0,0,0,0,0,0,0,0,1,4999398,0,0,0,0,0
,,,\KRONOS,0,L,06,,2023-03-16T19:37:34.944509,2023-03-16T19:37:39.944376,4999867,3940688328654863,J,06,J,06,2,0,0,0,0,0,0,0,0,0,2,4999867,6,186,96,8,266
,,,\KRONOS,0,L,06,,2023-03-16T19:37:39.944376,2023-03-16T19:37:44.943827,4999451,3940688328654863,J,06,J,06,2,0,0,0,0,0,0,0,0,0,0,4999451,0,0,0,0,0
,,,\KRONOS,0,L,06,,2023-03-16T19:37:44.943827,2023-03-16T19:37:49.940787,4996960,3940688328654863,J,06,J,06,2,0,0,0,0,0,0,0,0,0,1,4996959,12,341,4800,7,204
,,,\KRONOS,0,L,06,,2023-03-16T19:37:49.940787,2023-03-16T19:37:54.934651,4993864,3940688328654863,J,06,J,06,2,0,0,0,0,0,0,0,0,0,0,4993860,0,0,0,0,0
,,,\KRONOS,0,L,06,,2023-03-16T19:37:54.934651,2023-03-16T19:37:59.941535,5006884,3940688328654863,J,06,J,06,2,0,0,0,0,0,0,0,0,0,1,5006886,6,181,96,7,204
,,,\KRONOS,0,L,06,,2023-03-16T19:37:59.941535,2023-03-16T19:38:04.935005,4993470,3940688328654863,J,06,J,06,2,0,0,0,0,0,0,0,0,0,0,4993472,0,0,0,0,0
,,,\KRONOS,0,L,06,,2023-03-16T19:38:04.935005,2023-03-16T19:38:09.942110,5007105,3940688328654863,J,06,J,06,2,0,0,0,0,0,0,0,0,0,2,5007107,6,192,96,8,266
,,,\KRONOS,1,L,06,,2023-03-16T19:33:14.939118,2023-03-16T19:33:19.944642,5005524,3940688328654863,J,06,J,06,2,0,0,0,0,0,0,0,0,0,0,0,2,65,64,2,800
,,,\KRONOS,1,L,06,,2023-03-16T19:33:19.944642,2023-03-16T19:33:24.947127,5002485,3940688328654863,J,06,J,06,2,0,0,0,0,0,0,0,0,0,0,0,1,25,62,0,0
,,,\KRONOS,1,L,06,,2023-03-16T19:33:24.947127,2023-03-16T19:33:29.958312,5011185,3940688328654863,J,06,J,06,2,0,0,0,0,0,0,0,0,0,0,0,2,39,64,1,16
,,,\KRONOS,1,L,06,,2023-03-16T19:33:34.971372,2023-03-16T19:33:39.945415,4974043,3940688328654863,J,06,J,06,2,0,0,0,0,0,0,0,0,0,0,0,2,43,64,1,16
,,,\KRONOS,1,L,06,,2023-03-16T19:33:44.937888,2023-03-16T19:33:49.951269,5013381,3940688328654863,J,06,J,06,2,0,0,0,0,0,0,0,0,0,0,0,2,40,64,2,800
,,,\KRONOS,1,L,06,,2023-03-16T19:33:54.945428,2023-03-16T19:33:59.936234,4990806,3940688328654863,J,06,J,06,2,0,0,0,0,0,0,0,0,0,0,0,2,45,64,1,16
,,,\KRONOS,1,L,06,,2023-03-16T19:33:59.936234,2023-03-16T19:34:04.939769,5003535,3940688328654863,J,06,J,06,2,0,0,0,0,0,0,0,0,0,0,0,1,24,62,0,0
,,,\KRONOS,1,L,06,,2023-03-16T19:34:04.939769,2023-03-16T19:34:09.937562,4997793,3940688328654863,J,06,J,06,2,0,0,0,0,0,0,0,0,0,0,0,2,40,64,1,16
,,,\KRONOS,1,L,06,,2023-03-16T19:34:14.948023,2023-03-16T19:34:19.959402,5011379,3940688328654863,J,06,J,06,2,0,0,0,0,0,0,0,0,0,0,0,2,39,64,2,800
,,,\KRONOS,1,L,06,,2023-03-16T19:34:24.943553,2023-03-16T19:34:29.937283,4993730,3940688328654863,J,06,J,06,2,0,0,0,0,0,0,0,0,0,0,0,2,43,64,1,16
,,,\KRONOS,1,L,06,,2023-03-16T19:34:34.982404,2023-03-16T19:34:39.935480,4953076,3940688328654863,J,06,J,06,2,0,0,0,0,0,0,0,0,0,0,0,2,41,64,1,16
,,,\KRONOS,1,L,06,,2023-03-16T19:34:44.946591,2023-03-16T19:34:49.942557,4995966,3940688328654863,J,06,J,06,2,0,0,0,0,0,0,0,0,0,0,0,2,50,64,2,800
,,,\KRONOS,1,L,06,,2023-03-16T19:34:54.945970,2023-03-16T19:34:59.945648,4999678,3940688328654863,J,06,J,06,2,0,0,0,0,0,0,0,0,0,0,0,2,42,64,1,16
,,,\KRONOS,1,L,06,,2023-03-16T19:35:04.935165,2023-03-16T19:35:09.950433,5015268,3940688328654863,J,06,J,06,2,0,0,0,0,0,0,0,0,0,0,0,2,36,64,1,16
,,,\KRONOS,1,L,06,,2023-03-16T19:35:14.943606,2023-03-16T19:35:19.948287,5004681,3940688328654863,J,06,J,06,2,0,0,0,0,0,0,0,0,0,0,0,2,44,64,2,800
,,,\KRONOS,1,L,06,,2023-03-16T19:35:24.966089,2023-03-16T19:35:29.944842,4978753,3940688328654863,J,06,J,06,2,0,0,0,0,0,0,0,0,0,0,0,2,43,64,1,16
,,,\KRONOS,1,L,06,,2023-03-16T19:35:34.942265,2023-03-16T19:35:39.938721,4996456,3940688328654863,J,06,J,06,2,0,0,0,0,0,0,0,0,0,0,0,2,43,64,1,16
,,,\KRONOS,1,L,06,,2023-03-16T19:35:44.943548,2023-03-16T19:35:49.945879,5002331,3940688328654863,J,06,J,06,2,0,0,0,0,0,0,0,0,0,0,0,2,51,64,2,800
,,,\KRONOS,1,L,06,,2023-03-16T19:35:54.957114,2023-03-16T19:35:59.937760,4980646,3940688328654863,J,06,J,06,2,0,0,0,0,0,0,0,0,0,0,0,2,43,64,1,16
,,,\KRONOS,1,L,06,,2023-03-16T19:36:04.946088,2023-03-16T19:36:09.944382,4998294,3940688328654863,J,06,J,06,2,0,0,0,0,0,0,0,0,0,0,0,2,39,64,1,16
,,,\KRONOS,1,L,06,,2023-03-16T19:36:09.944382,2023-03-16T19:36:14.937199,4992817,3940688328654863,J,06,J,06,2,0,0,0,0,0,0,0,0,0,0,0,1,20,62,0,0
,,,\KRONOS,1,L,06,,2023-03-16T19:36:14.937199,2023-03-16T19:36:19.943399,5006200,3940688328654863,J,06,J,06,2,0,0,0,0,0,0,0,0,0,0,0,2,53,64,2,800
,,,\KRONOS,1,L,06,,2023-03-16T19:36:24.943661,2023-03-16T19:36:29.937582,4993921,3940688328654863,J,06,J,06,2,0,0,0,0,0,0,0,0,0,0,0,2,40,64,1,16
,,,\KRONOS,1,L,06,,2023-03-16T19:36:34.948342,2023-03-16T19:36:39.941004,4992662,3940688328654863,J,06,J,06,2,0,0,0,0,0,0,0,0,0,0,0,2,44,64,1,16
,,,\KRONOS,1,L,06,,2023-03-16T19:36:44.941216,2023-03-16T19:36:49.953475,5012259,3940688328654863,J,06,J,06,2,0,0,0,0,0,0,0,0,0,0,0,2,44,64,2,800
,,,\KRONOS,1,L,06,,2023-03-16T19:36:54.939407,2023-03-16T19:36:59.951884,5012477,3940688328654863,J,06,J,06,2,0,0,0,0,0,0,0,0,0,0,0,2,39,64,1,16
,,,\KRONOS,1,L,06,,2023-03-16T19:37:04.974489,2023-03-16T19:37:09.962830,4988341,3940688328654863,J,06,J,06,2,0,0,0,0,0,0,0,0,0,0,0,2,42,64,1,16
,,,\KRONOS,1,L,06,,2023-03-16T19:37:14.991360,2023-03-16T19:37:19.954602,4963242,3940688328654863,J,06,J,06,2,0,0,0,0,0,0,0,0,0,0,0,2,38,64,2,800
,,,\KRONOS,1,L,06,,2023-03-16T19:37:24.945010,2023-03-16T19:37:29.945873,5000863,3940688328654863,J,06,J,06,2,0,0,0,0,0,0,0,0,0,0,0,2,39,64,1,16
,,,\KRONOS,1,L,06,,2023-03-16T19:37:34.947459,2023-03-16T19:37:39.946151,4998692,3940688328654863,J,06,J,06,2,0,0,0,0,0,0,0,0,0,0,0,3,60,126,1,16
,,,\KRONOS,1,L,06,,2023-03-16T19:37:44.944489,2023-03-16T19:37:49.937994,4993505,3940688328654863,J,06,J,06,2,0,0,0,0,0,0,0,0,0,0,0,2,50,64,2,800
,,,\KRONOS,1,L,06,,2023-03-16T19:37:54.941203,2023-03-16T19:37:59.936261,4995058,3940688328654863,J,06,J,06,2,0,0,0,0,0,0,0,0,0,0,0,2,38,64,1,16
,,,\KRONOS,1,L,06,,2023-03-16T19:38:04.955988,2023-03-16T19:38:09.967123,5011135,3940688328654863,J,06,J,06,2,0,0,0,0,0,0,0,0,0,0,0,2,42,64,1,16
,,,\KRONOS,2,L,06,,2023-03-16T19:33:14.958942,2023-03-16T19:33:19.936651,4977709,3940688328654863,J,06,J,06,2,0,0,0,0,0,0,0,0,0,0,0,1,26,28,2,800
,,,\KRONOS,2,L,06,,2023-03-16T19:33:24.939776,2023-03-16T19:33:29.922280,4982504,3940688328654863,J,06,J,06,2,0,0,0,0,0,0,0,0,0,0,0,1,27,28,1,16
,,,\KRONOS,2,L,06,,2023-03-16T19:33:34.934116,2023-03-16T19:33:39.942502,5008386,3940688328654863,J,06,J,06,2,0,0,0,0,0,0,0,0,0,0,0,1,29,28,1,16
,,,\KRONOS,2,L,06,,2023-03-16T19:33:44.940781,2023-03-16T19:33:49.938890,4998109,3940688328654863,J,06,J,06,2,0,0,0,0,0,0,0,0,0,0,0,1,25,28,2,800
,,,\KRONOS,2,L,06,,2023-03-16T19:33:54.935050,2023-03-16T19:33:59.940410,5005360,3940688328654863,J,06,J,06,2,0,0,0,0,0,0,0,0,0,0,0,1,31,28,1,16
,,,\KRONOS,2,L,06,,2023-03-16T19:34:04.928991,2023-03-16T19:34:09.936824,5007833,3940688328654863,J,06,J,06,2,0,0,0,0,0,0,0,0,0,0,0,1,28,28,1,16
,,,\KRONOS,2,L,06,,2023-03-16T19:34:14.935040,2023-03-16T19:34:19.939339,5004299,3940688328654863,J,06,J,06,2,0,0,0,0,0,0,0,0,0,0,0,1,26,28,2,800
,,,\KRONOS,2,L,06,,2023-03-16T19:34:24.937467,2023-03-16T19:34:29.932696,4995229,3940688328654863,J,06,J,06,2,0,0,0,0,0,0,0,0,0,0,0,1,30,28,1,16
,,,\KRONOS,2,L,06,,2023-03-16T19:34:34.932947,2023-03-16T19:34:39.935242,5002295,3940688328654863,J,06,J,06,2,0,0,0,0,0,0,0,0,0,0,0,1,22,28,1,16
,,,\KRONOS,2,L,06,,2023-03-16T19:34:44.932391,2023-03-16T19:34:49.938778,5006387,3940688328654863,J,06,J,06,2,0,0,0,0,0,0,0,0,0,0,0,1,33,28,2,800
,,,\KRONOS,2,L,06,,2023-03-16T19:34:54.934925,2023-03-16T19:34:59.933057,4998132,3940688328654863,J,06,J,06,2,0,0,0,0,0,0,0,0,0,0,0,1,27,28,1,16
,,,\KRONOS,2,L,06,,2023-03-16T19:35:04.935287,2023-03-16T19:35:09.934476,4999189,3940688328654863,J,06,J,06,2,0,0,0,0,0,0,0,0,0,0,0,1,57,28,1,16
,,,\KRONOS,2,L,06,,2023-03-16T19:35:14.932689,2023-03-16T19:35:19.941102,5008413,3940688328654863,J,06,J,06,2,0,0,0,0,0,0,0,0,0,0,0,2,55,90,2,800
,,,\KRONOS,2,L,06,,2023-03-16T19:35:24.933145,2023-03-16T19:35:29.935417,5002272,3940688328654863,J,06,J,06,2,0,0,0,0,0,0,0,0,0,0,0,1,26,28,1,16
,,,\KRONOS,2,L,06,,2023-03-16T19:35:34.941922,2023-03-16T19:35:39.934997,4993075,3940688328654863,J,06,J,06,2,0,0,0,0,0,0,0,0,0,0,0,1,23,28,1,16
,,,\KRONOS,2,L,06,,2023-03-16T19:35:44.934207,2023-03-16T19:35:49.939564,5005357,3940688328654863,J,06,J,06,2,0,0,0,0,0,0,0,0,0,0,0,1,24,28,2,800
,,,\KRONOS,2,L,06,,2023-03-16T19:35:54.941853,2023-03-16T19:35:59.940081,4998228,3940688328654863,J,06,J,06,2,0,0,0,0,0,0,0,0,0,0,0,1,23,28,1,16
,,,\KRONOS,2,L,06,,2023-03-16T19:36:04.934151,2023-03-16T19:36:09.935443,5001292,3940688328654863,J,06,J,06,2,0,0,0,0,0,0,0,0,0,0,0,1,24,28,1,16
,,,\KRONOS,2,L,06,,2023-03-16T19:36:14.937632,2023-03-16T19:36:19.940862,5003230,3940688328654863,J,06,J,06,2,0,0,0,0,0,0,0,0,0,0,0,1,28,28,2,800
,,,\KRONOS,2,L,06,,2023-03-16T19:36:24.933993,2023-03-16T19:36:29.935229,5001236,3940688328654863,J,06,J,06,2,0,0,0,0,0,0,0,0,0,0,0,1,23,28,1,16
,,,\KRONOS,2,L,06,,2023-03-16T19:36:34.938520,2023-03-16T19:36:39.936884,4998364,3940688328654863,J,06,J,06,2,0,0,0,0,0,0,0,0,0,0,0,1,27,28,1,16
,,,\KRONOS,2,L,06,,2023-03-16T19:36:44.936069,2023-03-16T19:36:49.941412,5005343,3940688328654863,J,06,J,06,2,0,0,0,0,0,0,0,0,0,0,0,1,37,28,2,800
,,,\KRONOS,2,L,06,,2023-03-16T19:36:54.924597,2023-03-16T19:36:59.937813,5013216,3940688328654863,J,06,J,06,2,0,0,0,0,0,0,0,0,0,0,0,1,24,28,1,16
,,,\KRONOS,2,L,06,,2023-03-16T19:37:04.936977,2023-03-16T19:37:09.939327,5002350,3940688328654863,J,06,J,06,2,0,0,0,0,0,0,0,0,0,0,0,1,24,28,1,16
,,,\KRONOS,2,L,06,,2023-03-16T19:37:14.934444,2023-03-16T19:37:19.939701,5005257,3940688328654863,J,06,J,06,2,0,0,0,0,0,0,0,0,0,0,0,1,26,28,2,800
,,,\KRONOS,2,L,06,,2023-03-16T19:37:24.939887,2023-03-16T19:37:29.942134,5002247,3940688328654863,J,06,J,06,2,0,0,0,0,0,0,0,0,0,0,0,1,24,28,1,16
,,,\KRONOS,2,L,06,,2023-03-16T19:37:34.938261,2023-03-16T19:37:39.932346,4994085,3940688328654863,J,06,J,06,2,0,0,0,0,0,0,0,0,0,0,0,1,22,28,1,16
,,,\KRONOS,2,L,06,,2023-03-16T19:37:44.936712,2023-03-16T19:37:49.933974,4997262,3940688328654863,J,06,J,06,2,0,0,0,0,0,0,0,0,0,0,0,1,25,28,2,800
,,,\KRONOS,2,L,06,,2023-03-16T19:37:54.934210,2023-03-16T19:37:59.937578,5003368,3940688328654863,J,06,J,06,2,0,0,0,0,0,0,0,0,0,0,0,1,24,28,1,16
,,,\KRONOS,2,L,06,,2023-03-16T19:38:04.934682,2023-03-16T19:38:09.927617,4992935,3940688328654863,J,06,J,06,2,0,0,0,0,0,0,0,0,0,0,0,1,27,28,1,16
,,,\KRONOS,3,L,06,,2023-03-16T19:33:14.938108,2023-03-16T19:33:19.941533,5003425,3940688328654863,J,06,J,06,2,0,0,0,0,0,0,0,0,0,0,0,1,27,28,2,800
,,,\KRONOS,3,L,06,,2023-03-16T19:33:24.944127,2023-03-16T19:33:29.957180,5013053,3940688328654863,J,06,J,06,2,0,0,0,0,0,0,0,0,0,0,0,1,31,28,1,16
,,,\KRONOS,3,L,06,,2023-03-16T19:33:34.969124,2023-03-16T19:33:39.934302,4965178,3940688328654863,J,06,J,06,2,0,0,0,0,0,0,0,0,0,0,0,1,33,28,1,16
,,,\KRONOS,3,L,06,,2023-03-16T19:33:44.936742,2023-03-16T19:33:49.942292,5005550,3940688328654863,J,06,J,06,2,0,0,0,0,0,0,0,0,0,0,0,1,24,28,2,800
,,,\KRONOS,3,L,06,,2023-03-16T19:33:54.933625,2023-03-16T19:33:59.948048,5014423,3940688328654863,J,06,J,06,2,0,0,0,0,0,0,0,0,0,0,0,1,34,28,1,16
,,,\KRONOS,3,L,06,,2023-03-16T19:34:04.934706,2023-03-16T19:34:09.954008,5019302,3940688328654863,J,06,J,06,2,0,0,0,0,0,0,0,0,0,0,0,1,31,28,1,16
,,,\KRONOS,3,L,06,,2023-03-16T19:34:14.946891,2023-03-16T19:34:19.953826,5006935,3940688328654863,J,06,J,06,2,0,0,0,0,0,0,0,0,0,0,0,1,29,28,2,800
,,,\KRONOS,3,L,06,,2023-03-16T19:34:24.933977,2023-03-16T19:34:29.942057,5008080,3940688328654863,J,06,J,06,2,0,0,0,0,0,0,0,0,0,0,0,1,29,28,1,16
,,,\KRONOS,3,L,06,,2023-03-16T19:34:29.942057,2023-03-16T19:34:34.950252,5008195,3940688328654863,J,06,J,06,2,0,0,0,0,0,0,0,0,0,0,0,1,26,62,0,0
,,,\KRONOS,3,L,06,,2023-03-16T19:34:34.950252,2023-03-16T19:34:39.935366,4985114,3940688328654863,J,06,J,06,2,0,0,0,0,0,0,0,0,0,0,0,1,26,28,1,16
,,,\KRONOS,3,L,06,,2023-03-16T19:34:44.944858,2023-03-16T19:34:49.943783,4998925,3940688328654863,J,06,J,06,2,0,0,0,0,0,0,0,0,0,0,0,1,30,28,2,800
,,,\KRONOS,3,L,06,,2023-03-16T19:34:54.934845,2023-03-16T19:34:59.943343,5008498,3940688328654863,J,06,J,06,2,0,0,0,0,0,0,0,0,0,0,0,1,27,28,1,16
,,,\KRONOS,3,L,06,,2023-03-16T19:35:04.937853,2023-03-16T19:35:09.948308,5010455,3940688328654863,J,06,J,06,2,0,0,0,0,0,0,0,0,0,0,0,1,27,28,1,16
,,,\KRONOS,3,L,06,,2023-03-16T19:35:14.932876,2023-03-16T19:35:19.935939,5003063,3940688328654863,J,06,J,06,2,0,0,0,0,0,0,0,0,0,0,0,1,34,28,2,800
,,,\KRONOS,3,L,06,,2023-03-16T19:35:24.965464,2023-03-16T19:35:29.946781,4981317,3940688328654863,J,06,J,06,2,0,0,0,0,0,0,0,0,0,0,0,1,30,28,1,16
,,,\KRONOS,3,L,06,,2023-03-16T19:35:34.941717,2023-03-16T19:35:39.936004,4994287,3940688328654863,J,06,J,06,2,0,0,0,0,0,0,0,0,0,0,0,1,26,28,1,16
,,,\KRONOS,3,L,06,,2023-03-16T19:35:44.941154,2023-03-16T19:35:49.934038,4992884,3940688328654863,J,06,J,06,2,0,0,0,0,0,0,0,0,0,0,0,1,24,28,2,800
,,,\KRONOS,3,L,06,,2023-03-16T19:35:54.936252,2023-03-16T19:35:59.937474,5001222,3940688328654863,J,06,J,06,2,0,0,0,0,0,0,0,0,0,0,0,1,24,28,1,16
,,,\KRONOS,3,L,06,,2023-03-16T19:36:04.943173,2023-03-16T19:36:09.942054,4998881,3940688328654863,J,06,J,06,2,0,0,0,0,0,0,0,0,0,0,0,1,27,28,1,16
,,,\KRONOS,3,L,06,,2023-03-16T19:36:14.937116,2023-03-16T19:36:19.942649,5005533,3940688328654863,J,06,J,06,2,0,0,0,0,0,0,0,0,0,0,0,1,29,28,2,800
,,,\KRONOS,3,L,06,,2023-03-16T19:36:24.932457,2023-03-16T19:36:29.934617,5002160,3940688328654863,J,06,J,06,2,0,0,0,0,0,0,0,0,0,0,0,1,28,28,1,16
,,,\KRONOS,3,L,06,,2023-03-16T19:36:34.946695,2023-03-16T19:36:39.948329,5001634,3940688328654863,J,06,J,06,2,0,0,0,0,0,0,0,0,0,0,0,1,26,28,1,16
,,,\KRONOS,3,L,06,,2023-03-16T19:36:44.942201,2023-03-16T19:36:49.936481,4994280,3940688328654863,J,06,J,06,2,0,0,0,0,0,0,0,0,0,0,0,1,27,28,2,800
,,,\KRONOS,3,L,06,,2023-03-16T19:36:54.939928,2023-03-16T19:36:59.933771,4993843,3940688328654863,J,06,J,06,2,0,0,0,0,0,0,0,0,0,0,0,1,27,28,1,16
,,,\KRONOS,3,L,06,,2023-03-16T19:37:04.946896,2023-03-16T19:37:09.936268,4989372,3940688328654863,J,06,J,06,2,0,0,0,0,0,0,0,0,0,0,0,1,26,28,1,16
,,,\KRONOS,3,L,06,,2023-03-16T19:37:14.958977,2023-03-16T19:37:19.933608,4974631,3940688328654863,J,06,J,06,2,0,0,0,0,0,0,0,0,0,0,0,1,31,28,2,800
,,,\KRONOS,3,L,06,,2023-03-16T19:37:24.945612,2023-03-16T19:37:29.944571,4998959,3940688328654863,J,06,J,06,2,0,0,0,0,0,0,0,0,0,0,0,1,29,28,1,16
,,,\KRONOS,3,L,06,,2023-03-16T19:37:34.935255,2023-03-16T19:37:39.943826,5008571,3940688328654863,J,06,J,06,2,0,0,0,0,0,0,0,0,0,0,0,1,26,28,1,16
,,,\KRONOS,3,L,06,,2023-03-16T19:37:44.943230,2023-03-16T19:37:49.939328,4996098,3940688328654863,J,06,J,06,2,0,0,0,0,0,0,0,0,0,0,0,1,27,28,2,800
,,,\KRONOS,3,L,06,,2023-03-16T19:37:54.932962,2023-03-16T19:37:59.935212,5002250,3940688328654863,J,06,J,06,2,0,0,0,0,0,0,0,0,0,0,0,1,27,28,1,16
,,,\KRONOS,3,L,06,,2023-03-16T19:38:04.947657,2023-03-16T19:38:09.927674,4980017,3940688328654863,J,06,J,06,2,0,0,0,0,0,0,0,0,0,0,0,1,32,28,1,16
,,,\KRONOS,4,L,06,,2023-03-16T19:33:14.939031,2023-03-16T19:33:19.941201,5002170,3940688328654863,J,06,J,06,2,0,0,0,0,0,0,0,0,0,0,0,1,23,28,2,800
,,,\KRONOS,4,L,06,,2023-03-16T19:33:24.933173,2023-03-16T19:33:29.934360,5001187,3940688328654863,J,06,J,06,2,0,0,0,0,0,0,0,0,0,0,0,1,24,28,1,16
,,,\KRONOS,4,L,06,,2023-03-16T19:33:34.934529,2023-03-16T19:33:39.936738,5002209,3940688328654863,J,06,J,06,2,0,0,0,0,0,0,0,0,0,0,0,1,34,28,1,16
,,,\KRONOS,4,L,06,,2023-03-16T19:33:44.933828,2023-03-16T19:33:49.935013,5001185,3940688328654863,J,06,J,06,2,0,0,0,0,0,0,0,0,0,0,0,1,25,28,2,800
,,,\KRONOS,4,L,06,,2023-03-16T19:33:54.936204,2023-03-16T19:33:59.933296,4997092,3940688328654863,J,06,J,06,2,0,0,0,0,0,0,0,0,0,0,0,1,25,28,1,16
,,,\KRONOS,4,L,06,,2023-03-16T19:34:04.934483,2023-03-16T19:34:09.936693,5002210,3940688328654863,J,06,J,06,2,0,0,0,0,0,0,0,0,0,0,0,1,23,28,1,16
,,,\KRONOS,4,L,06,,2023-03-16T19:34:09.936693,2023-03-16T19:34:14.936854,5000161,3940688328654863,J,06,J,06,2,0,0,0,0,0,0,0,0,0,0,0,1,17,62,0,0
,,,\KRONOS,4,L,06,,2023-03-16T19:34:14.936854,2023-03-16T19:34:19.935990,4999136,3940688328654863,J,06,J,06,2,0,0,0,0,0,0,0,0,0,0,0,1,24,28,2,800
,,,\KRONOS,4,L,06,,2023-03-16T19:34:24.933092,2023-03-16T19:34:29.935300,5002208,3940688328654863,J,06,J,06,2,0,0,0,0,0,0,0,0,0,0,0,1,25,28,1,16
,,,\KRONOS,4,L,06,,2023-03-16T19:34:34.936500,2023-03-16T19:34:39.933595,4997095,3940688328654863,J,06,J,06,2,0,0,0,0,0,0,0,0,0,0,0,1,20,28,1,16
,,,\KRONOS,4,L,06,,2023-03-16T19:34:44.934772,2023-03-16T19:34:49.933909,4999137,3940688328654863,J,06,J,06,2,0,0,0,0,0,0,0,0,0,0,0,1,38,28,2,800
,,,\KRONOS,4,L,06,,2023-03-16T19:34:54.935097,2023-03-16T19:34:59.933211,4998114,3940688328654863,J,06,J,06,2,0,0,0,0,0,0,0,0,0,0,0,1,22,28,1,16
,,,\KRONOS,4,L,06,,2023-03-16T19:35:04.932353,2023-03-16T19:35:09.933540,5001187,3940688328654863,J,06,J,06,2,0,0,0,0,0,0,0,0,0,0,0,1,25,28,1,16
,,,\KRONOS,4,L,06,,2023-03-16T19:35:14.940873,2023-03-16T19:35:19.932842,4991969,3940688328654863,J,06,J,06,2,0,0,0,0,0,0,0,0,0,0,0,1,22,28,2,800
,,,\KRONOS,4,L,06,,2023-03-16T19:35:24.934035,2023-03-16T19:35:29.936243,5002208,3940688328654863,J,06,J,06,2,0,0,0,0,0,0,0,0,0,0,0,1,24,28,1,16
,,,\KRONOS,4,L,06,,2023-03-16T19:35:34.936410,2023-03-16T19:35:39.937593,5001183,3940688328654863,J,06,J,06,2,0,0,0,0,0,0,0,0,0,0,0,1,23,28,1,16
,,,\KRONOS,4,L,06,,2023-03-16T19:35:44.939810,2023-03-16T19:35:49.940996,5001186,3940688328654863,J,06,J,06,2,0,0,0,0,0,0,0,0,0,0,0,1,21,28,2,800
,,,\KRONOS,4,L,06,,2023-03-16T19:35:54.936039,2023-03-16T19:35:59.935176,4999137,3940688328654863,J,06,J,06,2,0,0,0,0,0,0,0,0,0,0,0,1,22,28,1,16
,,,\KRONOS,4,L,06,,2023-03-16T19:36:04.936370,2023-03-16T19:36:09.933461,4997091,3940688328654863,J,06,J,06,2,0,0,0,0,0,0,0,0,0,0,0,1,23,28,1,16
,,,\KRONOS,4,L,06,,2023-03-16T19:36:14.934645,2023-03-16T19:36:19.935829,5001184,3940688328654863,J,06,J,06,2,0,0,0,0,0,0,0,0,0,0,0,1,24,28,2,800
,,,\KRONOS,4,L,06,,2023-03-16T19:36:24.937023,2023-03-16T19:36:29.938208,5001185,3940688328654863,J,06,J,06,2,0,0,0,0,0,0,0,0,0,0,0,1,23,28,1,16
,,,\KRONOS,4,L,06,,2023-03-16T19:36:34.940421,2023-03-16T19:36:39.937510,4997089,3940688328654863,J,06,J,06,2,0,0,0,0,0,0,0,0,0,0,0,1,25,28,1,16
,,,\KRONOS,4,L,06,,2023-03-16T19:36:44.938687,2023-03-16T19:36:49.939873,5001186,3940688328654863,J,06,J,06,2,0,0,0,0,0,0,0,0,0,0,0,1,23,28,2,800
,,,\KRONOS,4,L,06,,2023-03-16T19:36:54.931859,2023-03-16T19:36:59.937138,5005279,3940688328654863,J,06,J,06,2,0,0,0,0,0,0,0,0,0,0,0,1,24,28,1,16
,,,\KRONOS,4,L,06,,2023-03-16T19:37:04.940386,2023-03-16T19:37:09.939776,4999390,3940688328654863,J,06,J,06,2,0,0,0,0,0,0,0,0,0,0,0,1,25,28,1,16
,,,\KRONOS,4,L,06,,2023-03-16T19:37:14.941732,2023-03-16T19:37:19.937795,4996063,3940688328654863,J,06,J,06,2,0,0,0,0,0,0,0,0,0,0,0,1,21,28,2,800
,,,\KRONOS,4,L,06,,2023-03-16T19:37:24.935927,2023-03-16T19:37:29.935049,4999122,3940688328654863,J,06,J,06,2,0,0,0,0,0,0,0,0,0,0,0,1,32,28,1,16
,,,\KRONOS,4,L,06,,2023-03-16T19:37:34.936241,2023-03-16T19:37:39.934353,4998112,3940688328654863,J,06,J,06,2,0,0,0,0,0,0,0,0,0,0,0,1,24,28,1,16
,,,\KRONOS,4,L,06,,2023-03-16T19:37:44.932471,2023-03-16T19:37:49.933659,5001188,3940688328654863,J,06,J,06,2,0,0,0,0,0,0,0,0,0,0,0,1,22,28,2,800
,,,\KRONOS,4,L,06,,2023-03-16T19:37:54.934847,2023-03-16T19:37:59.937055,5002208,3940688328654863,J,06,J,06,2,0,0,0,0,0,0,0,0,0,0,0,1,21,28,1,16
,,,\KRONOS,4,L,06,,2023-03-16T19:38:04.939271,2023-03-16T19:38:09.928110,4988839,3940688328654863,J,06,J,06,2,0,0,0,0,0,0,0,0,0,0,0,1,27,28,1,16
,,,\KRONOS,5,L,06,,2023-03-16T19:33:14.939161,2023-03-16T19:33:19.941368,5002207,3940688328654863,J,06,J,06,2,0,0,0,0,0,0,0,0,0,0,0,1,24,28,2,800
,,,\KRONOS,5,L,06,,2023-03-16T19:33:24.933359,2023-03-16T19:33:29.934571,5001212,3940688328654863,J,06,J,06,2,0,0,0,0,0,0,0,0,0,0,0,1,29,28,1,16
,,,\KRONOS,5,L,06,,2023-03-16T19:33:34.940910,2023-03-16T19:33:39.932907,4991997,3940688328654863,J,06,J,06,2,0,0,0,0,0,0,0,0,0,0,0,1,27,28,1,16
,,,\KRONOS,5,L,06,,2023-03-16T19:33:44.934112,2023-03-16T19:33:49.936349,5002237,3940688328654863,J,06,J,06,2,0,0,0,0,0,0,0,0,0,0,0,1,21,28,2,800
,,,\KRONOS,5,L,06,,2023-03-16T19:33:54.937573,2023-03-16T19:33:59.933660,4996087,3940688328654863,J,06,J,06,2,0,0,0,0,0,0,0,0,0,0,0,1,31,28,1,16
,,,\KRONOS,5,L,06,,2023-03-16T19:34:04.934873,2023-03-16T19:34:09.938133,5003260,3940688328654863,J,06,J,06,2,0,0,0,0,0,0,0,0,0,0,0,1,25,28,1,16
,,,\KRONOS,5,L,06,,2023-03-16T19:34:14.934226,2023-03-16T19:34:19.935433,5001207,3940688328654863,J,06,J,06,2,0,0,0,0,0,0,0,0,0,0,0,1,26,28,2,800
,,,\KRONOS,5,L,06,,2023-03-16T19:34:24.932558,2023-03-16T19:34:29.933771,5001213,3940688328654863,J,06,J,06,2,0,0,0,0,0,0,0,0,0,0,0,1,27,28,1,16
,,,\KRONOS,5,L,06,,2023-03-16T19:34:34.934974,2023-03-16T19:34:39.937210,5002236,3940688328654863,J,06,J,06,2,0,0,0,0,0,0,0,0,0,0,0,1,24,28,1,16
,,,\KRONOS,5,L,06,,2023-03-16T19:34:44.939464,2023-03-16T19:34:49.935551,4996087,3940688328654863,J,06,J,06,2,0,0,0,0,0,0,0,0,0,0,0,1,30,28,2,800
,,,\KRONOS,5,L,06,,2023-03-16T19:34:54.933698,2023-03-16T19:34:59.934906,5001208,3940688328654863,J,06,J,06,2,0,0,0,0,0,0,0,0,0,0,0,1,23,28,1,16
,,,\KRONOS,5,L,06,,2023-03-16T19:35:04.933049,2023-03-16T19:35:09.934261,5001212,3940688328654863,J,06,J,06,2,0,0,0,0,0,0,0,0,0,0,0,1,36,28,1,16
,,,\KRONOS,5,L,06,,2023-03-16T19:35:14.938547,2023-03-16T19:35:19.939759,5001212,3940688328654863,J,06,J,06,2,0,0,0,0,0,0,0,0,0,0,0,1,24,28,2,800
,,,\KRONOS,5,L,06,,2023-03-16T19:35:24.937903,2023-03-16T19:35:29.935020,4997117,3940688328654863,J,06,J,06,2,0,0,0,0,0,0,0,0,0,0,0,1,30,28,1,16
,,,\KRONOS,5,L,06,,2023-03-16T19:35:34.936233,2023-03-16T19:35:39.937452,5001219,3940688328654863,J,06,J,06,2,0,0,0,0,0,0,0,0,0,0,0,1,26,28,1,16
,,,\KRONOS,5,L,06,,2023-03-16T19:35:44.939685,2023-03-16T19:35:49.940897,5001212,3940688328654863,J,06,J,06,2,0,0,0,0,0,0,0,0,0,0,0,1,23,28,2,800
,,,\KRONOS,5,L,06,,2023-03-16T19:35:54.935967,2023-03-16T19:35:59.939228,5003261,3940688328654863,J,06,J,06,2,0,0,0,0,0,0,0,0,0,0,0,1,27,28,1,16
,,,\KRONOS,5,L,06,,2023-03-16T19:36:04.934307,2023-03-16T19:36:09.932441,4998134,3940688328654863,J,06,J,06,2,0,0,0,0,0,0,0,0,0,0,0,1,25,28,1,16
,,,\KRONOS,5,L,06,,2023-03-16T19:36:14.933652,2023-03-16T19:36:19.934871,5001219,3940688328654863,J,06,J,06,2,0,0,0,0,0,0,0,0,0,0,0,1,27,28,2,800
,,,\KRONOS,5,L,06,,2023-03-16T19:36:24.936079,2023-03-16T19:36:29.937293,5001214,3940688328654863,J,06,J,06,2,0,0,0,0,0,0,0,0,0,0,0,1,26,28,1,16
,,,\KRONOS,5,L,06,,2023-03-16T19:36:34.939530,2023-03-16T19:36:39.937670,4998140,3940688328654863,J,06,J,06,2,0,0,0,0,0,0,0,0,0,0,0,1,24,28,1,16
,,,\KRONOS,5,L,06,,2023-03-16T19:36:44.938875,2023-03-16T19:36:49.941111,5002236,3940688328654863,J,06,J,06,2,0,0,0,0,0,0,0,0,0,0,0,1,26,28,2,800
,,,\KRONOS,5,L,06,,2023-03-16T19:36:54.933118,2023-03-16T19:36:59.937403,5004285,3940688328654863,J,06,J,06,2,0,0,0,0,0,0,0,0,0,0,0,1,26,28,1,16
,,,\KRONOS,5,L,06,,2023-03-16T19:37:04.940661,2023-03-16T19:37:09.936749,4996088,3940688328654863,J,06,J,06,2,0,0,0,0,0,0,0,0,0,0,0,1,25,28,1,16
,,,\KRONOS,5,L,06,,2023-03-16T19:37:14.937980,2023-03-16T19:37:19.939188,5001208,3940688328654863,J,06,J,06,2,0,0,0,0,0,0,0,0,0,0,0,1,24,28,2,800
,,,\KRONOS,5,L,06,,2023-03-16T19:37:24.934256,2023-03-16T19:37:29.935469,5001213,3940688328654863,J,06,J,06,2,0,0,0,0,0,0,0,0,0,0,0,1,30,28,1,16
,,,\KRONOS,5,L,06,,2023-03-16T19:37:34.933623,2023-03-16T19:37:39.934824,5001201,3940688328654863,J,06,J,06,2,0,0,0,0,0,0,0,0,0,0,0,1,23,28,1,16
,,,\KRONOS,5,L,06,,2023-03-16T19:37:44.933990,2023-03-16T19:37:49.935203,5001213,3940688328654863,J,06,J,06,2,0,0,0,0,0,0,0,0,0,0,0,1,22,28,2,800
,,,\KRONOS,5,L,06,,2023-03-16T19:37:54.936416,2023-03-16T19:37:59.938652,5002236,3940688328654863,J,06,J,06,2,0,0,0,0,0,0,0,0,0,0,0,1,25,28,1,16
,,,\KRONOS,5,L,06,,2023-03-16T19:38:04.940894,2023-03-16T19:38:09.928163,4987269,3940688328654863,J,06,J,06,2,0,0,0,0,0,0,0,0,0,0,0,2,50,90,1,16
,,,\KRONOS,6,L,06,,2023-03-16T19:33:14.940270,2023-03-16T19:33:19.933274,4993004,3940688328654863,J,06,J,06,2,0,0,0,0,0,0,0,0,0,0,0,1,25,28,2,800
,,,\KRONOS,6,L,06,,2023-03-16T19:33:24.934505,2023-03-16T19:33:29.933688,4999183,3940688328654863,J,06,J,06,2,0,0,0,0,0,0,0,0,0,0,0,1,28,28,1,16
,,,\KRONOS,6,L,06,,2023-03-16T19:33:34.937996,2023-03-16T19:33:39.933082,4995086,3940688328654863,J,06,J,06,2,0,0,0,0,0,0,0,0,0,0,0,1,27,28,1,16
,,,\KRONOS,6,L,06,,2023-03-16T19:33:44.934309,2023-03-16T19:33:49.936562,5002253,3940688328654863,J,06,J,06,2,0,0,0,0,0,0,0,0,0,0,0,1,26,28,2,800
,,,\KRONOS,6,L,06,,2023-03-16T19:33:54.932674,2023-03-16T19:33:59.933904,5001230,3940688328654863,J,06,J,06,2,0,0,0,0,0,0,0,0,0,0,0,1,33,28,1,16
,,,\KRONOS,6,L,06,,2023-03-16T19:34:04.936162,2023-03-16T19:34:09.939440,5003278,3940688328654863,J,06,J,06,2,0,0,0,0,0,0,0,0,0,0,0,1,32,28,1,16
,,,\KRONOS,6,L,06,,2023-03-16T19:34:14.934521,2023-03-16T19:34:19.935751,5001230,3940688328654863,J,06,J,06,2,0,0,0,0,0,0,0,0,0,0,0,1,27,28,2,800
,,,\KRONOS,6,L,06,,2023-03-16T19:34:24.932892,2023-03-16T19:34:29.934123,5001231,3940688328654863,J,06,J,06,2,0,0,0,0,0,0,0,0,0,0,0,1,28,28,1,16
,,,\KRONOS,6,L,06,,2023-03-16T19:34:34.935341,2023-03-16T19:34:39.936571,5001230,3940688328654863,J,06,J,06,2,0,0,0,0,0,0,0,0,0,0,0,1,25,28,1,16
,,,\KRONOS,6,L,06,,2023-03-16T19:34:44.938843,2023-03-16T19:34:49.934953,4996110,3940688328654863,J,06,J,06,2,0,0,0,0,0,0,0,0,0,0,0,1,30,28,2,800
,,,\KRONOS,6,L,06,,2023-03-16T19:34:54.936182,2023-03-16T19:34:59.934339,4998157,3940688328654863,J,06,J,06,2,0,0,0,0,0,0,0,0,0,0,0,1,27,28,1,16
,,,\KRONOS,6,L,06,,2023-03-16T19:35:04.932501,2023-03-16T19:35:09.933730,5001229,3940688328654863,J,06,J,06,2,0,0,0,0,0,0,0,0,0,0,0,1,34,28,1,16
,,,\KRONOS,6,L,06,,2023-03-16T19:35:14.931892,2023-03-16T19:35:19.933121,5001229,3940688328654863,J,06,J,06,2,0,0,0,0,0,0,0,0,0,0,0,1,25,28,2,800
,,,\KRONOS,6,L,06,,2023-03-16T19:35:24.934354,2023-03-16T19:35:29.932513,4998159,3940688328654863,J,06,J,06,2,0,0,0,0,0,0,0,0,0,0,0,1,30,28,1,16
,,,\KRONOS,6,L,06,,2023-03-16T19:35:34.933741,2023-03-16T19:35:39.934972,5001231,3940688328654863,J,06,J,06,2,0,0,0,0,0,0,0,0,0,0,0,1,27,28,1,16
,,,\KRONOS,6,L,06,,2023-03-16T19:35:44.937230,2023-03-16T19:35:49.938461,5001231,3940688328654863,J,06,J,06,2,0,0,0,0,0,0,0,0,0,0,0,1,24,28,2,800
,,,\KRONOS,6,L,06,,2023-03-16T19:35:54.934573,2023-03-16T19:35:59.935802,5001229,3940688328654863,J,06,J,06,2,0,0,0,0,0,0,0,0,0,0,0,1,26,28,1,16
,,,\KRONOS,6,L,06,,2023-03-16T19:36:04.937038,2023-03-16T19:36:09.934172,4997134,3940688328654863,J,06,J,06,2,0,0,0,0,0,0,0,0,0,0,0,1,30,28,1,16
,,,\KRONOS,6,L,06,,2023-03-16T19:36:14.931303,2023-03-16T19:36:19.932533,5001230,3940688328654863,J,06,J,06,2,0,0,0,0,0,0,0,0,0,0,0,1,27,28,2,800
,,,\KRONOS,6,L,06,,2023-03-16T19:36:24.933767,2023-03-16T19:36:29.934997,5001230,3940688328654863,J,06,J,06,2,0,0,0,0,0,0,0,0,0,0,0,1,27,28,1,16
,,,\KRONOS,6,L,06,,2023-03-16T19:36:34.937254,2023-03-16T19:36:39.936436,4999182,3940688328654863,J,06,J,06,2,0,0,0,0,0,0,0,0,0,0,0,1,25,28,1,16
,,,\KRONOS,6,L,06,,2023-03-16T19:36:44.937657,2023-03-16T19:36:49.938887,5001230,3940688328654863,J,06,J,06,2,0,0,0,0,0,0,0,0,0,0,0,1,26,28,2,800
,,,\KRONOS,6,L,06,,2023-03-16T19:36:54.941152,2023-03-16T19:36:59.933167,4992015,3940688328654863,J,06,J,06,2,0,0,0,0,0,0,0,0,0,0,0,1,26,28,1,16
,,,\KRONOS,6,L,06,,2023-03-16T19:37:04.934391,2023-03-16T19:37:09.935621,5001230,3940688328654863,J,06,J,06,2,0,0,0,0,0,0,0,0,0,0,0,1,26,28,1,16
,,,\KRONOS,6,L,06,,2023-03-16T19:37:14.936863,2023-03-16T19:37:19.932974,4996111,3940688328654863,J,06,J,06,2,0,0,0,0,0,0,0,0,0,0,0,1,30,28,2,800
,,,\KRONOS,6,L,06,,2023-03-16T19:37:24.934205,2023-03-16T19:37:29.935436,5001231,3940688328654863,J,06,J,06,2,0,0,0,0,0,0,0,0,0,0,0,1,35,28,1,16
,,,\KRONOS,6,L,06,,2023-03-16T19:37:34.936670,2023-03-16T19:37:39.934828,4998158,3940688328654863,J,06,J,06,2,0,0,0,0,0,0,0,0,0,0,0,1,26,28,1,16
,,,\KRONOS,6,L,06,,2023-03-16T19:37:44.932988,2023-03-16T19:37:49.934217,5001229,3940688328654863,J,06,J,06,2,0,0,0,0,0,0,0,0,0,0,0,1,24,28,2,800
,,,\KRONOS,6,L,06,,2023-03-16T19:37:54.935447,2023-03-16T19:37:59.937701,5002254,3940688328654863,J,06,J,06,2,0,0,0,0,0,0,0,0,0,0,0,1,25,28,1,16
,,,\KRONOS,6,L,06,,2023-03-16T19:38:04.940982,2023-03-16T19:38:09.928091,4987109,3940688328654863,J,06,J,06,2,0,0,0,0,0,0,0,0,0,0,0,1,33,28,1,16
